100
0.667738776171850
0.667740166601436
0.667737741548102
0.667723992560394
0.667689100276272
0.667621970970811
0.667510903819871
0.667344027448810
0.667109589888933
0.666796153426186
0.666392726259437
0.665888851132614
0.665274664012286
0.664540931562058
0.663679073490522
0.662681174150276
0.661539986645398
0.660248931930724
0.658802094822576
0.657194218408242
0.655420697995256
0.653477575454626
0.651361534569213
0.649069897789755
0.646600624620402
0.643952311698848
0.641124194500076
0.638116150475145
0.634928703335526
0.631563028108205
0.628020956516197
0.624304982182911
0.620418265117051
0.616364634907305
0.612148592043648
0.607775306784687
0.603250615008725
0.598581010519999
0.593773633330982
0.588836253506045
0.583777250230398
0.578605585859576
0.573330774806972
0.567962847237560
0.562512307652183
0.556990088565278
0.551407499596211
0.545776172406654
0.540108002020151
0.534415085151551
0.528709656250184
0.523004022019008
0.517310495210272
0.511641328515579
0.506008649363992
0.500424396416927
0.494900258504285
0.489447616685446
0.484077490044711
0.478800485748301
0.473626753804868
0.468565946890876
0.463627185535397
0.458819028918019
0.454149451534776
0.449625826053768
0.445254912847571
0.441042857003939
0.436995194155204
0.433116867346106
0.429412258558061
0.425885240700613
0.422539259294223
0.419377458360102
0.416402873214476
0.413618725485300
0.411028875078959
0.408638513540817
0.406455228427030
0.404490636203048
0.402762881386253
0.401300443099994
0.400147884908537
0.399374422115843
0.399086407168608
0.399444873502794
0.400688695159769
0.403161800425244
0.407337660898380
0.413824264230391
0.423318673140473
0.436471566762600
0.453642147858023
0.474598406546180
0.498320728208354
0.523101834891229
0.546968815646279
0.568269150323616
0.585976583140940
0.599999999999883
