Creating Target Pressure
Flow iterations = 2187   Density Residual = 9.30143846754987e-15
Flow iterations = 2503   Density Residual = 9.58490798083953e-15
Gradient from Adjoint:
 0.000719459557272983
 5.23129352916563e-05
-4.37863783232758e-07
-4.38878330994749e-05
-0.000192384091112561
-0.000490969403968311
-0.000853243704611936
   -0.001021740948287
-0.000822787070974473
-0.000415190141108346
-7.15644403952912e-05
 0.000100031195076904
 0.000134222982223802
 9.92732844887843e-05
 4.94071332364179e-05
  1.4159609099549e-05
 2.07813864389955e-06
-4.49908897241263e-07
Condition Number of H:
192.98205179845218
Iteration :1    GradientNorm: 0.0018620776598543202
Current Design:
1.0000131582684195
0.99995379633237946
1.0002612167486364
0.9951575543105603
0.97596739586059689
0.94386585470932716
0.91198767214029497
0.89586089305384364
0.90234950086278043
0.92621384632567194
0.95536357670901506
0.97907038386400336
0.99295226650089818
0.99858596245719689
0.99991990001517561
1.0000040227822757
1.0000010295592725
0.99999926734224653
Current Fitness: 8.0119305556963734e-05
gradient:

-0.00071945955727298317
-5.2312935291656267e-05
 4.3786378323275818e-07
 4.3887833099474892e-05
 0.00019238409111256067
  0.0004909694039683108
 0.00085324370461193559
  0.0010217409482869966
   0.000822787070974473
 0.00041519014110834611
 7.1564440395291152e-05
-0.00010003119507690379
-0.00013422298222380173
-9.9273284488784319e-05
-4.9407133236417907e-05
 -1.415960909954895e-05
  -2.07813864389955e-06
 4.4990889724126347e-07
pk:

 -0.055641541579705654
  0.020333650367494654
 -0.032663808677211817
-0.0015763799160504774
-0.0047383146918846871
  0.019605631852696457
  0.026314864275129315
  0.030787726736300942
  0.024200169983906023
  0.010726088898705121
 -0.010786199901529566
 -0.027253964929837386
 -0.029055472895076442
 -0.024683998015217951
 -0.014390233896857849
 -0.017103672450637392
-0.0048396353497203778
 -0.022408079442965273
Flow iterations = 2239   Density Residual = 9.8545364147671e-15
Gradient from Adjoint:
 0.000137318768990272
 5.57101115303568e-06
-4.42079708796113e-07
-2.98394501697065e-07
-1.68945292398806e-05
-7.72011689755294e-05
 -0.00016867839908708
-0.000212920060567354
-0.000154503867963663
-5.90122980916992e-05
-1.33423177817176e-05
 -1.4081371576335e-05
 -1.7660431965451e-05
-1.14704448676469e-05
-4.79700638495318e-06
 -1.8103628314385e-06
-9.61489642159247e-07
-7.26386541709441e-07
Time: 0.954248
End of Design Iteration: 1


Iteration :2    GradientNorm: 0.000356541676152077
Current Design:
0.944371616688714
1.02028744669987
0.967597408071425
0.99358117439451
0.971229081168712
0.963471486562024
0.938302536415424
0.926648619790145
0.926549670846686
0.936939935224377
0.944577376807486
0.951816418934166
0.963896793605822
0.973901964441979
0.985529666118318
0.982900350331638
0.995161394209552
0.977591187899281
Current Fitness: 4.60022370570733e-06
gradient:

-0.000137318768990272
-5.57101115303568e-06
 4.42079708796113e-07
 2.98394501697065e-07
 1.68945292398806e-05
 7.72011689755294e-05
  0.00016867839908708
 0.000212920060567354
 0.000154503867963663
 5.90122980916992e-05
 1.33423177817176e-05
  1.4081371576335e-05
  1.7660431965451e-05
 1.14704448676469e-05
 4.79700638495318e-06
  1.8103628314385e-06
 9.61489642159247e-07
 7.26386541709441e-07
pk:

   0.033461265214349
-0.00823148869231006
  0.0168185712233779
  0.0026641317178347
 0.00926595809444539
  0.0107306738524247
  0.0171164758141161
  0.0177218749311068
   0.015429500991404
 0.00895495372790398
  0.0056805510299561
 0.00955605260803654
 0.00978342484682165
  0.0092164213015589
 0.00606541565972718
  0.0103539585851486
  0.0027189931556079
  0.0139815127976222
Flow iterations = 2199   Density Residual = 9.33862025408309e-15
Gradient from Adjoint:
 2.65606146665861e-05
  5.3584084825047e-06
  1.9955618246831e-06
 1.63768870368644e-06
-4.31792568334164e-07
-1.56734539350056e-05
-4.85828147269862e-05
-6.55840324008375e-05
  -4.135987927869e-05
-1.02754612573008e-05
 9.08242487407826e-07
 5.71237467660985e-06
 7.64072242108708e-06
 4.56679186751652e-06
 1.53450986659013e-06
 5.10912443533256e-07
 2.75023236725473e-07
  3.0334808176703e-07
Time: 1.212765
End of Design Iteration: 2


Iteration :3    GradientNorm: 9.78771799955257e-05
Current Design:
0.977832881903063
1.01205595800756
0.984415979294803
0.996245306112345
0.980495039263158
0.974202160414448
0.95541901222954
0.944370494721251
0.941979171838091
0.945894888952281
0.950257927837442
0.961372471542203
0.973680218452643
0.983118385743538
0.991595081778045
0.993254308916787
0.99788038736516
0.991572700696903
Current Fitness: 4.71205963304785e-07
gradient:

-2.65606146665861e-05
 -5.3584084825047e-06
 -1.9955618246831e-06
-1.63768870368644e-06
 4.31792568334164e-07
 1.56734539350056e-05
 4.85828147269862e-05
 6.55840324008375e-05
   4.135987927869e-05
 1.02754612573008e-05
-9.08242487407826e-07
-5.71237467660985e-06
-7.64072242108708e-06
-4.56679186751652e-06
-1.53450986659013e-06
-5.10912443533256e-07
-2.75023236725473e-07
 -3.0334808176703e-07
pk:

       0.016708848719
  -0.0085860971622653
   0.0105945227077077
-6.44045182437121e-05
  0.00496510319820525
  0.00320635664786491
  0.00808892657190742
  0.00839729730038974
  0.00678237735039075
  0.00276301996045862
  0.00382946684013646
  0.00279617640271549
  0.00182523459449058
  0.00355028808978337
  0.00294417247831834
  0.00461391247466743
  0.00162938816795725
  0.00625269366527998
Flow iterations = 2189   Density Residual = 9.61050403331217e-15
Gradient from Adjoint:
 2.39195467308732e-06
 1.10729498962352e-06
-7.24995550708211e-08
-9.67288420686872e-08
 9.79661051808285e-07
 1.62993893047195e-06
-4.54652701141387e-06
-8.52307162609618e-06
-2.22769299487752e-06
 1.54753693807929e-06
 6.23614003323851e-08
-1.81951989635833e-06
-2.59083583981047e-06
-1.31233881812389e-06
-3.09309169390554e-07
-1.00939438845451e-07
-7.75331602660755e-08
-7.44584541912445e-08
Time: 1.459785
End of Design Iteration: 3


Iteration :4    GradientNorm: 1.10957813906038e-05
Current Design:
0.994541730622063
1.0034698608453
0.99501050200251
0.996180901594101
0.985460142461363
0.977408517062313
0.963507938801448
0.952767792021641
0.948761549188481
0.94865790891274
0.954087394677578
0.964168647944918
0.975505453047134
0.986668673833321
0.994539254256363
0.997868221391454
0.999509775533117
0.997825394362183
Current Fitness: 1.39229863355653e-08
gradient:

-2.39195467308732e-06
-1.10729498962352e-06
 7.24995550708211e-08
 9.67288420686872e-08
-9.79661051808285e-07
-1.62993893047195e-06
 4.54652701141387e-06
 8.52307162609618e-06
 2.22769299487752e-06
-1.54753693807929e-06
-6.23614003323851e-08
 1.81951989635833e-06
 2.59083583981047e-06
 1.31233881812389e-06
 3.09309169390554e-07
 1.00939438845451e-07
 7.75331602660755e-08
 7.44584541912445e-08
pk:

  0.00480491382273493
 -0.00284801646956705
  0.00360992499287419
-0.000300576612171579
  0.00182727325018113
 9.54302636204298e-05
  0.00170913089988708
  0.00196619565142716
  0.00106375671936546
 0.000652841628301646
  0.00112313821146374
  0.00100989253829567
  0.00161693868135972
  0.00101360064371927
 0.000926029139228913
  0.00134365627924718
 0.000449204955470644
   0.0019122385143447
Flow iterations = 2186   Density Residual = 9.98850481099851e-15
Gradient from Adjoint:
-9.36659013921164e-07
 1.42574947665123e-07
-5.34570907158181e-08
-5.47349908194043e-08
 2.49234016883821e-07
 1.36981065814071e-06
  2.1005972366313e-07
-8.18812544455268e-07
 9.54136057284491e-07
  9.1989715038646e-07
 1.90913346798638e-07
 3.09037697545387e-07
 4.93874476321318e-07
 2.05462032133266e-07
 9.72230771883675e-09
-7.43067409164184e-09
 -8.0738246174692e-09
-9.56551340538526e-09
Time: 1.702903
End of Design Iteration: 4


Iteration :5    GradientNorm: 2.39406784889129e-06
Current Design:
0.999346644444798
1.00062184437573
0.998620426995384
0.995880324981929
0.987287415711544
0.977503947325934
0.965217069701335
0.954733987673068
0.949825305907847
0.949310750541041
0.955210532889042
0.965178540483214
0.977122391728494
0.98768227447704
0.995465283395592
0.999211877670702
0.999958980488588
0.999737632876528
Current Fitness: 7.76557402860303e-10
gradient:

 9.36659013921164e-07
-1.42574947665123e-07
 5.34570907158181e-08
 5.47349908194043e-08
-2.49234016883821e-07
-1.36981065814071e-06
 -2.1005972366313e-07
 8.18812544455268e-07
-9.54136057284491e-07
 -9.1989715038646e-07
-1.90913346798638e-07
-3.09037697545387e-07
-4.93874476321318e-07
-2.05462032133266e-07
-9.72230771883675e-09
 7.43067409164184e-09
  8.0738246174692e-09
 9.56551340538526e-09
pk:

 0.000783715765822084
-0.000618031875398967
 0.000784203863953112
-0.000222145596165051
 0.000501219109075983
-0.000238772799531318
 0.000216630581087537
 0.000434428750207657
-7.27091772113895e-05
 0.000148695601636589
 0.000159794019147201
 0.000176094172748775
 2.07062507453715e-05
 0.000221653083889032
 0.000117482328426109
  0.00024111887525442
 5.54900198205544e-05
 0.000317109882775325
Flow iterations = 2187   Density Residual = 9.18002968040151e-15
Gradient from Adjoint:
-2.44913904259335e-07
-1.84998546142537e-09
-6.85113064431853e-09
-5.89398047874858e-09
 1.58392521367572e-08
 4.42709782868684e-07
 2.48281919097486e-07
-1.59032117996203e-08
 4.79533254474645e-07
 2.35661887315467e-07
 1.97039940299321e-08
  5.2021020869668e-09
-1.56135602750323e-08
 1.26630784077429e-08
 1.62674327048782e-08
 6.31844652363102e-09
 3.49458885140958e-09
 3.12274527361659e-09
Time: 1.956918
End of Design Iteration: 5


Iteration :6    GradientNorm: 7.77716019099314e-07
Current Design:
1.00013036021062
1.00000381250033
0.999404630859337
0.995658179385764
0.98778863482062
0.977265174526402
0.965433700282422
0.955168416423276
0.949752596730635
0.949459446142678
0.955370326908189
0.965354634655962
0.977143097979239
0.987903927560929
0.995582765724018
0.999452996545956
1.00001447050841
1.0000547427593
Current Fitness: 7.91928687438543e-11
gradient:

 2.44913904259335e-07
 1.84998546142537e-09
 6.85113064431853e-09
 5.89398047874858e-09
-1.58392521367572e-08
-4.42709782868684e-07
-2.48281919097486e-07
 1.59032117996203e-08
-4.79533254474645e-07
-2.35661887315467e-07
-1.97039940299321e-08
 -5.2021020869668e-09
 1.56135602750323e-08
-1.26630784077429e-08
-1.62674327048782e-08
-6.31844652363102e-09
-3.49458885140958e-09
-3.12274527361659e-09
pk:

-2.32442474803125e-05
-6.84681213968017e-05
 8.81363976979017e-05
-0.000101708980903143
 0.000112749119724491
-0.000139356225554748
-3.72528308248667e-05
 0.000109562392923731
-0.000161763811642826
 4.66539757262794e-05
 -3.0759524963731e-05
-8.18994690550869e-07
 1.98728966313134e-06
-1.57275950026806e-05
-4.00160373934849e-06
-1.04197863662881e-05
  -1.368659397411e-06
-1.30375076829659e-05
Flow iterations = 2186   Density Residual = 9.91751581613881e-15
Gradient from Adjoint:
 7.18042791085091e-09
-2.27739165676787e-08
 4.75573325697142e-10
 4.69724872569309e-09
-1.36337545350238e-08
 2.84483998524719e-08
 2.72615355635554e-08
-6.82798680407467e-09
 7.08790515517235e-08
 3.65493439386142e-12
-1.37448476407144e-08
-1.09762913686823e-09
 2.42184470574143e-09
-3.85867605108193e-09
-2.42853536155871e-09
 1.93287672794616e-10
 8.89511722527324e-10
 1.07086307823304e-09
Time: 2.199977
End of Design Iteration: 6


Iteration :7    GradientNorm: 8.72931669868221e-08
Current Design:
1.00010711596314
0.999935344378936
0.999492767257035
0.995556470404861
0.987901383940344
0.977125818300848
0.965396447451598
0.9552779788162
0.949590832918993
0.949506100118404
0.955339567383225
0.965353815661272
0.977145085268902
0.987888199965927
0.995578764120279
0.99944257675959
1.00001310184901
1.00004170525162
Current Fitness: 4.20097679757974e-12
gradient:

-7.18042791085091e-09
 2.27739165676787e-08
-4.75573325697142e-10
-4.69724872569309e-09
 1.36337545350238e-08
-2.84483998524719e-08
-2.72615355635554e-08
 6.82798680407467e-09
-7.08790515517235e-08
-3.65493439386142e-12
 1.37448476407144e-08
 1.09762913686823e-09
-2.42184470574143e-09
 3.85867605108193e-09
 2.42853536155871e-09
-1.93287672794616e-10
-8.89511722527324e-10
-1.07086307823304e-09
pk:

-8.39643399908814e-05
  4.5343094710788e-05
-5.21587748308146e-05
-9.19583728926219e-06
-1.41483329458749e-05
-1.98281840938829e-05
-3.73785420871623e-05
 1.36511501477705e-05
  -5.801366193114e-05
 9.53395155602255e-06
-3.21055638919559e-05
-6.98901874733599e-06
-2.68525845021296e-05
-1.19886782136099e-05
-1.91765196896745e-05
-2.09437885164051e-05
-9.53766498251174e-06
-3.28055779871054e-05
Flow iterations = 2187   Density Residual = 9.5622660946085e-15
Gradient from Adjoint:
 1.45689447047317e-08
-7.05926594136884e-09
 7.78147373046026e-10
   1.605049059299e-09
-2.21680129359363e-09
-1.24306971518164e-08
-8.18526098968487e-09
-1.42445010303859e-08
 7.20777009205223e-10
-6.00589720727203e-09
-3.59944027751775e-09
-2.11953449391058e-09
-4.50057591785834e-09
-1.53790661792352e-09
-1.27107943114661e-10
-1.59104345165176e-10
 1.75006929728951e-11
 6.73012978968154e-11
Time: 2.437768
End of Design Iteration: 7


Iteration :8    GradientNorm: 2.7772561859668e-08
Current Design:
1.00002315162315
0.999980687473647
0.999440608482205
0.995547274567572
0.987887235607399
0.977105990116754
0.96535906890951
0.955291629966347
0.949532819257061
0.94951563406996
0.955307461819333
0.965346826642525
0.9771182326844
0.987876211287713
0.995559587600589
0.999421632971073
1.00000356418403
1.00000889967363
Current Fitness: 2.48316163959499e-13
gradient:

-1.45689447047317e-08
 7.05926594136884e-09
-7.78147373046026e-10
  -1.605049059299e-09
 2.21680129359363e-09
 1.24306971518164e-08
 8.18526098968487e-09
 1.42445010303859e-08
-7.20777009205223e-10
 6.00589720727203e-09
 3.59944027751775e-09
 2.11953449391058e-09
 4.50057591785834e-09
 1.53790661792352e-09
 1.27107943114661e-10
 1.59104345165176e-10
-1.75006929728951e-11
-6.73012978968154e-11
pk:

-2.24771398138231e-05
 1.82037745653054e-05
-2.15747930855567e-05
 4.74341300527143e-06
 -1.1926195234223e-05
 3.51964407895825e-06
-1.18866112793029e-05
 4.53981550565473e-06
-1.28182327100052e-05
 2.19999561773848e-06
-7.88825754977155e-06
-3.22553110451343e-06
-4.06451148424857e-06
-5.14299747640089e-06
-4.05610006017039e-06
-6.13499894665513e-06
 -2.1184577283699e-06
-8.69475425484008e-06
Flow iterations = 2187   Density Residual = 9.51012116118786e-15
Gradient from Adjoint:
 2.30049129630372e-09
-6.30675074202861e-10
 2.61600706619267e-10
 5.10714102987669e-11
 6.23482858673757e-10
-4.62732892799927e-09
-2.50157673995724e-09
-4.86054200397889e-09
-1.47420733970542e-09
 6.12487703212675e-10
-2.95456525036401e-10
 -4.4825757731816e-10
-3.00098044435617e-10
-4.31624461247924e-10
-2.44811945029808e-10
-8.68494530149546e-11
 -5.5498036660345e-11
-4.94123557109354e-11
Time: 2.678581
End of Design Iteration: 8


Iteration :9    GradientNorm: 7.78657349770028e-09
Current Design:
1.00000067448333
0.999998891248212
0.999419033689119
0.995552017980577
0.987875309412164
0.977109509760833
0.965347182298231
0.955296169781853
0.949520001024351
0.949517834065578
0.955299573561783
0.96534360111142
0.977114168172916
0.987871068290237
0.995555531500529
0.999415497972127
1.0000014457263
1.00000020491938
Current Fitness: 1.57681970741051e-14
gradient:

-2.30049129630372e-09
 6.30675074202861e-10
-2.61600706619267e-10
-5.10714102987669e-11
-6.23482858673757e-10
 4.62732892799927e-09
 2.50157673995724e-09
 4.86054200397889e-09
 1.47420733970542e-09
-6.12487703212675e-10
 2.95456525036401e-10
  4.4825757731816e-10
 3.00098044435617e-10
 4.31624461247924e-10
 2.44811945029808e-10
 8.68494530149546e-11
  5.5498036660345e-11
 4.94123557109354e-11
pk:

-1.45638096265731e-06
 2.74772643656055e-06
-3.62583213560665e-06
  2.5931181426546e-06
-3.39835283068886e-06
 3.06692802607715e-06
-2.52616669805864e-06
 2.06172501626132e-06
-1.55750910989227e-06
 5.08092274895487e-07
-7.03765611777774e-07
 1.21977424697784e-07
-5.47143778587101e-07
 5.31099159588698e-09
-3.95047086320941e-07
-2.30416280878071e-07
-2.10228287440133e-07
-4.59061120133703e-07
Flow iterations = 2187   Density Residual = 9.29672030508424e-15
Gradient from Adjoint:
-4.45088288073806e-10
 2.50437150591247e-10
 4.33409116918562e-11
-8.55646246906262e-11
   2.571621192754e-10
-6.95608039217437e-10
 4.49752211443745e-10
-7.02477053643048e-10
-1.13972911725298e-10
 9.39750266538876e-10
 2.64660469179382e-10
 6.21687100935698e-11
 3.80788849357428e-11
 6.36331787566821e-11
 2.13836033957858e-11
-4.84988459111274e-12
-1.02461272721018e-11
-1.20543697634357e-11
Time: 2.931413
End of Design Iteration: 9


Iteration :10    GradientNorm: 1.57861863883681e-09
Current Design:
0.999999218102372
1.00000163897465
0.999415407856983
0.99555461109872
0.987871911059334
0.977112576688859
0.965344656131533
0.955298231506869
0.949518443515242
0.949518342157853
0.955298869796172
0.965343723088845
0.977113621029137
0.987871073601228
0.995555136453443
0.999415267555846
1.00000123549801
0.999999745858258
Current Fitness: 2.26003556408881e-15
gradient:

 4.45088288073806e-10
-2.50437150591247e-10
-4.33409116918562e-11
 8.55646246906262e-11
  -2.571621192754e-10
 6.95608039217437e-10
-4.49752211443745e-10
 7.02477053643048e-10
 1.13972911725298e-10
-9.39750266538876e-10
-2.64660469179382e-10
-6.21687100935698e-11
-3.80788849357428e-11
-6.36331787566821e-11
-2.13836033957858e-11
 4.84988459111274e-12
 1.02461272721018e-11
 1.20543697634357e-11
pk:

 6.93697634243857e-07
-9.51942529541319e-08
-1.09560964750371e-07
 7.24567310749998e-07
 -6.9191563045404e-07
 1.11522524558626e-06
-6.25923277887498e-07
 7.65723149590729e-07
-8.35739713692554e-08
 7.94526869115656e-08
 1.96828217550553e-07
 9.75067536693197e-08
 1.97535847629772e-07
 1.15604635206763e-07
 1.55008958673545e-07
 1.87130693431189e-07
 7.47012733747917e-08
 2.84126613054238e-07
Flow iterations = 2187   Density Residual = 9.48347747413335e-15
Gradient from Adjoint:
-2.66124963128356e-10
 1.19382033504471e-10
-1.17820392079872e-11
-2.15257314229579e-11
-2.88103569693054e-11
 1.03976554965223e-10
 5.51954839898565e-10
 1.00068394645128e-10
-2.55400657360794e-11
  2.2211388297329e-10
 7.30601214323786e-11
 2.98461494995003e-11
  5.6310550132051e-11
 2.60260821374852e-11
 8.45291448568928e-12
 5.43911302923443e-12
 1.90360133410075e-12
 1.08907622260193e-12
Time: 3.173243
End of Design Iteration: 10


Iteration :11    GradientNorm: 6.87135543752326e-10
Current Design:
0.999999911800007
1.0000015437804
0.999415298296019
0.99555533566603
0.987871219143703
0.977113691914105
0.965344030208255
0.955298997230019
0.94951835994127
0.94951842161054
0.955299066624389
0.965343820595598
0.977113818564985
0.987871189205864
0.995555291462402
0.999415454686539
1.00000131019929
1.00000002998487
Current Fitness: 1.10690016724612e-15
gradient:

 2.66124963128356e-10
-1.19382033504471e-10
 1.17820392079872e-11
 2.15257314229579e-11
 2.88103569693054e-11
-1.03976554965223e-10
-5.51954839898565e-10
-1.00068394645128e-10
 2.55400657360794e-11
 -2.2211388297329e-10
-7.30601214323786e-11
-2.98461494995003e-11
 -5.6310550132051e-11
-2.60260821374852e-11
-8.45291448568928e-12
-5.43911302923443e-12
-1.90360133410075e-12
-1.08907622260193e-12
pk:

 2.47961717590917e-07
-2.02949597193938e-07
  1.9337262096175e-07
 3.13699659695111e-08
 -4.1349465470988e-09
 1.72152545234444e-07
-1.25828184016568e-07
 1.38118229998194e-07
 3.55315180132379e-08
-3.85140526316713e-09
 7.70272460551785e-08
 4.06148085843345e-08
   4.188648645713e-08
   5.720467728032e-08
 4.31587683348323e-08
 6.79617801817239e-08
 2.30954748747416e-08
 9.51057220075248e-08
Flow iterations = 2186   Density Residual = 9.93790956510299e-15
Gradient from Adjoint:
-3.15056482989337e-11
 1.57632976948303e-11
-7.10878610847275e-12
 2.01347595788093e-12
-3.80532972498799e-11
 7.50805821635443e-11
 1.98996877385871e-10
 3.32507546814752e-11
-7.97574988129561e-11
-2.09742447761452e-11
 5.50795277682654e-12
  7.9289279109818e-12
 6.40960879002169e-12
 6.81674228228337e-12
 3.79848660353601e-12
 1.61906848292658e-12
 1.07270675455924e-12
 9.50461179372964e-13
Time: 3.421287
End of Design Iteration: 11


Iteration :12    GradientNorm: 2.36827429834947e-10
Current Design:
1.00000015976172
1.0000013408308
0.99941549166864
0.995555367035996
0.987871215008757
0.97711386406665
0.965343904380071
0.955299135348249
0.949518395472788
0.949518417759134
0.955299143651635
0.965343861210407
0.977113860451471
0.987871246410541
0.99555533462117
0.99941552264832
1.00000133329476
1.00000012509059
Current Fitness: 1.03608910278579e-15
gradient:

 3.15056482989337e-11
-1.57632976948303e-11
 7.10878610847275e-12
-2.01347595788093e-12
 3.80532972498799e-11
-7.50805821635443e-11
-1.98996877385871e-10
-3.32507546814752e-11
 7.97574988129561e-11
 2.09742447761452e-11
-5.50795277682654e-12
 -7.9289279109818e-12
-6.40960879002169e-12
-6.81674228228337e-12
-3.79848660353601e-12
-1.61906848292658e-12
-1.07270675455924e-12
-9.50461179372964e-13
pk:

  2.6058505025836e-08
  -4.943801931769e-08
  5.8365510175179e-08
 -3.1467629961239e-08
  3.0239488233054e-08
 5.74182056709954e-09
-3.38364977872721e-08
 1.48302683323635e-08
 1.29524697333723e-08
 -5.0701176393479e-09
 1.04108561064563e-08
-2.84399196195589e-10
 7.60874684677264e-09
 1.65325212540116e-09
 6.09291928599977e-09
   4.778827563459e-09
 3.32528498247075e-09
 8.28817850329252e-09
Flow iterations = 2187   Density Residual = 9.30682059885841e-15
Gradient from Adjoint:
  1.4410244537824e-11
-4.81602462200889e-12
 -1.0919554003323e-12
 2.36956437018986e-12
-9.61073908554224e-12
 2.36364171411803e-11
   3.938927146676e-11
-9.29747725193401e-12
-4.91308519221204e-11
  -3.211760670795e-11
-6.06004752888959e-12
 -1.4556466095716e-12
-1.52166468343468e-12
-1.17122970605878e-12
-3.50686258994628e-13
-2.54851462724997e-14
 8.68900229189068e-14
 1.19356491092403e-13
Time: 3.699985
End of Design Iteration: 12


Final Gradient:
  1.4410244537824e-11
-4.81602462200889e-12
 -1.0919554003323e-12
 2.36956437018986e-12
-9.61073908554224e-12
 2.36364171411803e-11
   3.938927146676e-11
-9.29747725193401e-12
-4.91308519221204e-11
  -3.211760670795e-11
-6.06004752888959e-12
 -1.4556466095716e-12
-1.52166468343468e-12
-1.17122970605878e-12
-3.50686258994628e-13
-2.54851462724997e-14
 8.68900229189068e-14
 1.19356491092403e-13

Final Design:
1.00000018582023
1.00000129139278
0.99941555003415
0.995555335568366
0.987871245248245
0.97711386980847
0.965343870543573
0.955299150178517
0.949518408425258
0.949518412689017
0.955299154062491
0.965343860926008
0.977113868060218
0.987871248063793
0.995555340714089
0.999415527427147
1.00000133662005
1.00000013337877
Fitness: 1.03033477548411e-15
