
Creating Target Pressure
Flow iterations = 2187   Density Residual = 9.30143846754987e-15
Flow iterations = 2503   Density Residual = 9.58490798083953e-15
Gradient from Adjoint:
 0.000719459557272975
 5.23129352916521e-05
-4.37863783238032e-07
-4.38878330994777e-05
-0.000192384091112537
-0.000490969403968279
-0.000853243704611927
   -0.001021740948287
-0.000822787070974476
-0.000415190141108347
-7.15644403952908e-05
 0.000100031195076903
 0.000134222982223801
 9.92732844887845e-05
  4.9407133236418e-05
 1.41596090995489e-05
 2.07813864389955e-06
-4.49908897241262e-07
Condition Number of H:
204.40970956893193
Iteration :1    GradientNorm: 0.0018620776598543042
Current Fitness: 8.0119305556963734e-05
gradient:

 -0.0007194595572729746
-5.2312935291652093e-05
 4.3786378323803171e-07
 4.3887833099477705e-05
 0.00019238409111253655
 0.00049096940396827892
 0.00085324370461192659
  0.0010217409482869981
 0.00082278707097447603
  0.0004151901411083467
 7.1564440395290773e-05
-0.00010003119507690327
-0.00013422298222380127
-9.9273284488784509e-05
-4.9407133236418016e-05
-1.4159609099548926e-05
-2.0781386438995517e-06
 4.4990889724126231e-07
pk:

 -0.055591031265158151
  0.022269260319795422
 -0.035133841682585265
0.00073449230933814429
-0.0059510001180682667
  0.020576797442609162
  0.026052261518654619
  0.030807399951919362
  0.024656794537449296
  0.010376855645648751
 -0.010309390892854483
 -0.027377517794425314
 -0.029081093963127389
 -0.025556793347028203
 -0.016650996946328309
 -0.017873996027242763
-0.0054737710360969654
 -0.020891695705200542
Flow iterations = 2241   Density Residual = 9.77393839526998e-15
Gradient from Adjoint:
 0.000144805734224627
 7.21222107152133e-06
-3.07186991736389e-07
 2.01356581058035e-06
-1.55541607600506e-05
-7.57471998229815e-05
-0.000167942461119248
-0.000212293389349697
-0.000153070095020578
-5.85165446320948e-05
-1.24325064205531e-05
-1.44624453406241e-05
-2.18463730406677e-05
-2.22952138951696e-05
-1.95275005548117e-05
-1.06917809678493e-05
-3.28121392848554e-06
 4.52168938504739e-07
Time: 8.951694
End of Design Iteration: 1


Iteration :2    GradientNorm: 0.000359133551201276
Current Fitness: 4.60258498560304e-06
gradient:

-0.000144805734224627
-7.21222107152133e-06
 3.07186991736389e-07
-2.01356581058035e-06
 1.55541607600506e-05
 7.57471998229815e-05
 0.000167942461119248
 0.000212293389349697
 0.000153070095020578
 5.85165446320948e-05
 1.24325064205531e-05
 1.44624453406241e-05
 2.18463730406677e-05
 2.22952138951696e-05
 1.95275005548117e-05
 1.06917809678493e-05
 3.28121392848554e-06
-4.52168938504739e-07
pk:

  0.0319545506593094
 -0.0105215395985642
  0.0194167721387909
-0.00057482583581171
  0.0104275038028403
 0.00926820579505216
  0.0172141392937826
  0.0173574376463191
  0.0146989623813059
 0.00912690432082748
 0.00463707900878006
  0.0093973227197465
 0.00906966352342762
  0.0103110311247048
 0.00836481084320768
  0.0118794911295944
 0.00233529519455612
   0.016286208533003
Flow iterations = 2198   Density Residual = 9.33446010053046e-15
Gradient from Adjoint:
 2.02108845654699e-05
 4.13145268843774e-06
 1.67710717498942e-06
 6.35383795856268e-07
 -8.8774761552529e-07
-1.55997760148453e-05
-4.81867322736436e-05
-6.51193191275757e-05
-4.07848545615789e-05
-1.01403192264867e-05
-1.44495909677271e-07
 4.23831029744989e-06
 7.20486334906137e-06
 7.27777780258254e-06
 6.55752614658714e-06
 5.19791892471108e-06
 5.69676345882591e-06
 6.75005235373803e-06
Time: 9.212783
End of Design Iteration: 2


Iteration :3    GradientNorm: 9.6293923386474e-05
Current Fitness: 4.92937471761124e-07
gradient:

-2.02108845654699e-05
-4.13145268843774e-06
-1.67710717498942e-06
-6.35383795856268e-07
  8.8774761552529e-07
 1.55997760148453e-05
 4.81867322736436e-05
 6.51193191275757e-05
 4.07848545615789e-05
 1.01403192264867e-05
 1.44495909677271e-07
-4.23831029744989e-06
-7.20486334906137e-06
-7.27777780258254e-06
-6.55752614658714e-06
-5.19791892471108e-06
-5.69676345882591e-06
-6.75005235373803e-06
pk:

    0.015907037972271
 -0.00709101964777542
  0.00850962067468309
  0.00131027470161555
   0.0039306949582549
  0.00369782264327511
  0.00761810539952622
  0.00849867090618905
  0.00670725947218971
  0.00224360116672125
  0.00447876463482225
  0.00156278048429209
  0.00381089625913415
 0.000869627682530355
  0.00453102631228954
 0.000993144612779532
  0.00442208515678144
-0.000387045829804809
Flow iterations = 2189   Density Residual = 9.84929190908835e-15
Gradient from Adjoint:
  1.3399747539796e-06
 6.80024506449329e-07
-5.95019390598875e-07
-1.14383090227776e-08
 1.17994428088077e-06
 2.36574896985658e-06
-3.54860273988697e-06
-7.24908503756997e-06
-1.36605797429397e-06
 1.96734489501466e-06
 5.27983877934049e-08
-1.70231461415334e-06
-1.30471664642547e-06
-1.84830662367438e-06
 1.71663829974092e-07
-3.93580575560643e-07
-7.27194141771493e-07
-1.55506112589604e-06
Time: 9.48869
End of Design Iteration: 3


Iteration :4    GradientNorm: 9.57236350493625e-06
Current Fitness: 2.03889018053923e-08
gradient:

 -1.3399747539796e-06
-6.80024506449329e-07
 5.95019390598875e-07
 1.14383090227776e-08
-1.17994428088077e-06
-2.36574896985658e-06
 3.54860273988697e-06
 7.24908503756997e-06
 1.36605797429397e-06
-1.96734489501466e-06
-5.27983877934049e-08
 1.70231461415334e-06
 1.30471664642547e-06
 1.84830662367438e-06
-1.71663829974092e-07
 3.93580575560643e-07
 7.27194141771493e-07
 1.55506112589604e-06
pk:

  0.00680278112300153
 -0.00365426902184101
  0.00518987627274284
 -0.00055339956647312
  0.00264835962375301
 0.000218632660821193
  0.00222557230379967
  0.00231879920203903
  0.00135710477390488
  0.00131800960144964
  0.00090039628963833
  0.00272803645009543
-0.000210995434137395
   0.0039722829837221
 -0.00124748806083181
  0.00486190821174583
 -0.00173286807001271
  0.00563565678222288
Flow iterations = 2187   Density Residual = 9.2961170345579e-15
Gradient from Adjoint:
-2.38750679406201e-06
 2.33583797879261e-07
 6.48237791691806e-09
-3.15544526818022e-09
 2.13349807889592e-07
 1.64855667133173e-06
    7.67345425633e-07
-2.30664036855059e-08
 1.45306579829087e-06
 9.38453269508706e-07
 2.83809118545594e-07
  1.0748987447681e-07
-1.46341895603123e-07
 4.55483430230651e-07
 4.89142254952564e-07
 9.82178777830822e-07
  1.2887742680633e-06
 1.37141337841919e-06
Time: 9.760314
End of Design Iteration: 4


Iteration :5    GradientNorm: 4.14320370898812e-06
Current Fitness: 1.80972896387228e-09
gradient:

 2.38750679406201e-06
-2.33583797879261e-07
-6.48237791691806e-09
 3.15544526818022e-09
-2.13349807889592e-07
-1.64855667133173e-06
   -7.67345425633e-07
 2.30664036855059e-08
-1.45306579829087e-06
-9.38453269508706e-07
-2.83809118545594e-07
 -1.0748987447681e-07
 1.46341895603123e-07
-4.55483430230651e-07
-4.89142254952564e-07
-9.82178777830822e-07
 -1.2887742680633e-06
-1.37141337841919e-06
pk:

 0.000955782766338816
-0.000835271632841876
 0.000976583043879145
-0.000294157019532133
 0.000612828730694898
-0.000266241656401419
 0.000259959322149145
 0.000384399466972541
-2.59477427803995e-05
 0.000132740202136414
 0.000314863248892902
 -0.00010016606119105
 0.000725641413717154
-0.000380763630571644
 0.000759227247542751
-0.000518277302834775
 0.000521360487797097
  -0.0006478466334124
Flow iterations = 2187   Density Residual = 9.41698687142929e-15
Gradient from Adjoint:
-6.02554674039454e-07
-2.10260409925824e-08
-5.03220242081966e-08
-8.88447591575001e-09
-3.85579223305937e-08
 5.65484096193013e-07
 4.49432573507102e-07
  3.0897682618613e-07
 6.70426583477786e-07
 2.02869835857599e-07
 1.15629798092585e-09
 1.59118296038239e-07
 3.47362279417963e-07
 2.20038967055798e-07
 1.77534556181207e-07
 6.90783236366946e-08
 3.05759767329335e-08
 1.15928947639393e-08
Time: 10.032057
End of Design Iteration: 5


Iteration :6    GradientNorm: 1.30660859701232e-06
Current Fitness: 1.44469564091568e-10
gradient:

 6.02554674039454e-07
 2.10260409925824e-08
 5.03220242081966e-08
 8.88447591575001e-09
 3.85579223305937e-08
-5.65484096193013e-07
-4.49432573507102e-07
 -3.0897682618613e-07
-6.70426583477786e-07
-2.02869835857599e-07
-1.15629798092585e-09
-1.59118296038239e-07
-3.47362279417963e-07
-2.20038967055798e-07
-1.77534556181207e-07
-6.90783236366946e-08
-3.05759767329335e-08
-1.15928947639393e-08
pk:

 3.31407068292091e-05
 -0.00014238910372446
 0.000206591386692665
-0.000176514350790814
 0.000203617670275377
-0.000187825806420756
-8.60851885750924e-07
 5.16162831175436e-05
-0.000149950846801435
 7.60089845696555e-05
-4.27050365400516e-05
 5.74949193133791e-05
 -0.00012168155433596
 6.37942806115839e-05
-7.87429126444302e-05
 6.21053703683259e-05
 -3.6123773383298e-05
-3.60477482729902e-06
Flow iterations = 2186   Density Residual = 9.9695693621473e-15
Gradient from Adjoint:
 3.52582337781887e-08
-1.43877642449151e-08
-7.30941636713975e-09
 6.56651743622492e-09
-2.84003801933948e-08
 7.30899809551307e-08
 7.23044962589819e-09
-1.98198404161056e-08
 9.68527170763025e-08
-1.21624721254929e-08
-2.24598248934953e-08
-1.84016797427442e-08
-2.51918382204386e-08
-1.55475280324113e-08
 1.75628751609534e-08
 1.37186550392532e-09
-1.73121039319106e-08
-3.80639972464932e-08
Time: 10.300187
End of Design Iteration: 6


Iteration :7    GradientNorm: 1.46448754752565e-07
Current Fitness: 7.76285202509052e-12
gradient:

-3.52582337781887e-08
 1.43877642449151e-08
 7.30941636713975e-09
-6.56651743622492e-09
 2.84003801933948e-08
-7.30899809551307e-08
-7.23044962589819e-09
 1.98198404161056e-08
-9.68527170763025e-08
 1.21624721254929e-08
 2.24598248934953e-08
 1.84016797427442e-08
 2.51918382204386e-08
 1.55475280324113e-08
-1.75628751609534e-08
-1.37186550392532e-09
 1.73121039319106e-08
 3.80639972464932e-08
pk:

-5.13973419054057e-05
 5.13597916852022e-06
 8.47255127887096e-06
-4.86875309507132e-05
 3.81501849240749e-05
-5.38710819253462e-05
-9.07524753449514e-06
 1.34913358333338e-05
-5.91342065651161e-05
 2.64519665013724e-05
-3.41797388784207e-05
 8.38225002707082e-06
-2.49480185971815e-05
 1.17999183212278e-05
-4.15151974423357e-05
 1.48599148766073e-05
-3.55281722938097e-05
  1.5196572890494e-05
Flow iterations = 2187   Density Residual = 9.38849683939546e-15
Gradient from Adjoint:
  3.0997954838301e-08
-5.17849782807235e-09
 1.33268546548371e-09
 2.22359997355813e-09
-1.66224252747516e-09
-4.26389553592765e-09
-3.29625257111045e-08
-3.50887240857633e-08
 2.24343896056678e-09
-6.96362151128203e-09
-3.88708584489783e-09
 1.42949783731489e-09
 9.27929795705897e-10
-4.46044432477704e-09
-1.18913827430827e-08
-8.81113642255771e-09
-8.11768441007705e-09
-7.26174128897521e-09
Time: 10.564086
End of Design Iteration: 7


Iteration :8    GradientNorm: 6.13368271257359e-08
Current Fitness: 4.04679212120253e-13
gradient:

 -3.0997954838301e-08
 5.17849782807235e-09
-1.33268546548371e-09
-2.22359997355813e-09
 1.66224252747516e-09
 4.26389553592765e-09
 3.29625257111045e-08
 3.50887240857633e-08
-2.24343896056678e-09
 6.96362151128203e-09
 3.88708584489783e-09
-1.42949783731489e-09
-9.27929795705897e-10
 4.46044432477704e-09
 1.18913827430827e-08
 8.81113642255771e-09
 8.11768441007705e-09
 7.26174128897521e-09
pk:

-1.90348920826315e-05
 1.23487049172428e-05
-1.25216964741501e-05
-3.00796919709596e-06
-1.60385773031516e-06
-6.72378880130808e-06
-2.46209610589409e-06
 4.35853311575558e-06
-1.27612017912971e-05
  4.2278621073668e-06
-8.34266233594334e-06
-1.20226612416015e-06
-6.38550369001358e-06
-3.24128613257174e-06
-1.79028114722998e-06
 -5.0284274898572e-06
-1.42174953152741e-06
-3.77257107745796e-06
Flow iterations = 2187   Density Residual = 9.42442012596024e-15
Gradient from Adjoint:
 5.69006840524623e-09
 -8.4678163556956e-10
 9.49277954349614e-10
-2.15835663955113e-10
  2.1705624635726e-09
-2.80107916537166e-09
-1.04251469398441e-08
-9.25384163281227e-09
 2.44505949163623e-09
 2.66043867380102e-09
 1.55569202593315e-10
-4.00616357042461e-10
-2.13258752511786e-09
-1.00857930200384e-09
-2.28680250156065e-09
-1.88058656412901e-09
-1.77814720783831e-09
-9.04422729892768e-10
Time: 10.835317
End of Design Iteration: 8


Iteration :9    GradientNorm: 1.65066125287954e-08
Current Fitness: 3.17722147677584e-14
gradient:

-5.69006840524623e-09
  8.4678163556956e-10
-9.49277954349614e-10
 2.15835663955113e-10
 -2.1705624635726e-09
 2.80107916537166e-09
 1.04251469398441e-08
 9.25384163281227e-09
-2.44505949163623e-09
-2.66043867380102e-09
-1.55569202593315e-10
 4.00616357042461e-10
 2.13258752511786e-09
 1.00857930200384e-09
 2.28680250156065e-09
 1.88058656412901e-09
 1.77814720783831e-09
 9.04422729892768e-10
pk:

-4.70232660208568e-06
 4.75076263630979e-06
-6.15581348102437e-06
 2.45080025495701e-06
-3.45739952241444e-06
 3.71314391223645e-07
-9.86774632737248e-07
 1.57584706397113e-06
-2.92497752264925e-06
 2.84601235853086e-08
-1.08032573870764e-06
-1.47121048350965e-06
  3.5338897227907e-07
-2.22613564359685e-06
 6.41104168308455e-07
-2.44454984608379e-06
 9.35278819933923e-07
-1.95194308336545e-06
Flow iterations = 2187   Density Residual = 9.51412341755902e-15
Gradient from Adjoint:
-8.78125624650438e-10
 1.30815312199881e-10
 2.08298576680661e-10
-2.00783843387894e-10
 9.62704924781044e-10
 -4.0350748264515e-10
-9.46930851178973e-10
-3.03933185690064e-10
 2.08346452295678e-09
 2.30097512736071e-09
 4.61564405523212e-10
 6.29485254039506e-11
 2.55939327326573e-11
-2.53148831750695e-11
-3.74327125255473e-10
-3.23872809656164e-10
-2.14603904265656e-10
 6.36605353283849e-11
Time: 11.110606
End of Design Iteration: 9


Iteration :10    GradientNorm: 3.61929898524362e-09
Current Fitness: 2.62436922718339e-15
gradient:

 8.78125624650438e-10
-1.30815312199881e-10
-2.08298576680661e-10
 2.00783843387894e-10
-9.62704924781044e-10
  4.0350748264515e-10
 9.46930851178973e-10
 3.03933185690064e-10
-2.08346452295678e-09
-2.30097512736071e-09
-4.61564405523212e-10
-6.29485254039506e-11
-2.55939327326573e-11
 2.53148831750695e-11
 3.74327125255473e-10
 3.23872809656164e-10
 2.14603904265656e-10
-6.36605353283849e-11
pk:

-2.41097760432628e-07
 5.63696940092696e-07
-1.05259597266534e-06
 9.71814246023631e-07
-1.04645858649879e-06
 5.88795877139816e-07
-3.08107035570953e-07
 3.66860939092357e-07
-3.89754762143838e-07
-2.29518493442959e-07
 1.12577570880167e-07
-1.98748979426396e-07
 1.22559070471015e-07
-2.64177182564077e-07
 2.73209914264122e-07
-3.25620034873309e-07
 3.38928310427558e-07
-3.20061042876741e-07
Flow iterations = 2187   Density Residual = 9.37078316635079e-15
Gradient from Adjoint:
-4.64243533998785e-10
  7.0067826971265e-11
 1.87819601763413e-12
-4.55496476522218e-11
 1.27793347026069e-10
-1.04782521094025e-10
 1.40218670693727e-10
 2.73565438120364e-10
 6.73602243453743e-10
 6.45520077348498e-10
 1.37202246004048e-10
 5.71723533672128e-12
  1.8513364694455e-11
 4.16549150253702e-11
 5.76369506567065e-11
 2.01700510978564e-12
 3.53090661032599e-12
 2.32082407727655e-11
Time: 11.381928
End of Design Iteration: 10


Iteration :11    GradientNorm: 1.11335890285121e-09
Current Fitness: 1.12245035040443e-15
gradient:

 4.64243533998785e-10
 -7.0067826971265e-11
-1.87819601763413e-12
 4.55496476522218e-11
-1.27793347026069e-10
 1.04782521094025e-10
-1.40218670693727e-10
-2.73565438120364e-10
-6.73602243453743e-10
-6.45520077348498e-10
-1.37202246004048e-10
-5.71723533672128e-12
 -1.8513364694455e-11
-4.16549150253702e-11
-5.76369506567065e-11
-2.01700510978564e-12
-3.53090661032599e-12
-2.32082407727655e-11
pk:

 9.81872580645748e-08
-3.40683234135032e-08
-5.56388484717889e-08
 1.84799589913085e-07
-1.91700431417976e-07
 2.02863652113496e-07
-1.12031591748918e-07
 1.01563864291783e-07
-7.59413958937866e-08
-5.03431582733308e-08
 5.95627391135414e-08
-1.63581963662793e-09
  3.3656505560913e-08
 1.64544411758671e-08
 2.58982421711379e-09
 4.11753610801266e-08
   1.437704301205e-08
 1.87561375702102e-08
Flow iterations = 2187   Density Residual = 9.47855915657419e-15
Gradient from Adjoint:
-3.75538460946388e-11
 9.77939270796449e-12
-9.99695384814535e-12
 4.92613749435988e-12
-3.73035234042882e-11
-5.47613507056077e-11
 6.29946689718408e-11
 4.57340396908825e-11
 6.89007769816768e-11
 4.55507483521788e-11
 6.35597992674076e-12
 3.26943127274615e-12
 1.44061767477364e-11
 6.10393032655378e-12
 1.23081903583682e-11
 5.43662896826183e-12
 5.23213049916263e-12
 9.80845157222063e-13
Time: 11.652067
End of Design Iteration: 11


Iteration :12    GradientNorm: 1.39312167167207e-10
Current Fitness: 1.03306268395148e-15
gradient:

 3.75538460946388e-11
-9.77939270796449e-12
 9.99695384814535e-12
-4.92613749435988e-12
 3.73035234042882e-11
 5.47613507056077e-11
-6.29946689718408e-11
-4.57340396908825e-11
-6.89007769816768e-11
-4.55507483521788e-11
-6.35597992674076e-12
-3.26943127274615e-12
-1.44061767477364e-11
-6.10393032655378e-12
-1.23081903583682e-11
-5.43662896826183e-12
-5.23213049916263e-12
-9.80845157222063e-13
pk:

 2.56406999001383e-08
-3.02204126383317e-08
 3.35519835353268e-08
-5.47565052463775e-09
-1.00966053609876e-09
 3.45462112815641e-08
-2.83006659077207e-08
 2.41087158750159e-08
-1.66050936279258e-08
 8.42244833089719e-09
  4.1348731434761e-10
 1.23134315151545e-08
-6.32727222530788e-09
 1.63129992427542e-08
-8.48691153189781e-09
 1.91837659833084e-08
-9.01189475974641e-09
   1.430017843442e-08
Flow iterations = 2187   Density Residual = 9.25882342671561e-15
Gradient from Adjoint:
 1.10297353853774e-11
-2.57755687973567e-14
-2.30862853603162e-12
 2.89243036748727e-12
-1.80560787899614e-11
-1.87066491691906e-11
 1.44233131999302e-11
-6.20605363677867e-12
-6.81288654486886e-12
-1.04333785366213e-11
-3.94672011330863e-12
 2.72786072226074e-13
 6.19909546695465e-13
 3.19287692825887e-13
 1.06659286224254e-12
 3.02984972303601e-13
 1.21029082051646e-13
-9.22494743738754e-13
Time: 11.924167
End of Design Iteration: 12


Final Gradient:
 1.10297353853774e-11
-2.57755687973567e-14
-2.30862853603162e-12
 2.89243036748727e-12
-1.80560787899614e-11
-1.87066491691906e-11
 1.44233131999302e-11
-6.20605363677867e-12
-6.81288654486886e-12
-1.04333785366213e-11
-3.94672011330863e-12
 2.72786072226074e-13
 6.19909546695465e-13
 3.19287692825887e-13
 1.06659286224254e-12
 3.02984972303601e-13
 1.21029082051646e-13
-9.22494743738754e-13

Final Design:
1.00000016840062
1.00000130250235
0.999415538941326
0.995555330987199
0.98787125028734
0.977113848437668
0.965343876568755
0.955299134759933
0.949518420750918
0.949518403096554
0.955299153788598
0.965343855283886
0.977113866500565
0.987871242637969
0.995555339436817
0.999415520453319
1.00000133716937
1.00000012476823
Fitness: 1.03012148863169e-15

