Creating Target Pressure
Flow iterations = 2187   Density Residual = 9.30143846754987e-15
Flow iterations = 2503   Density Residual = 9.58490798083953e-15
Gradient from Adjoint:
 0.000719459557272975
 5.23129352916521e-05
-4.37863783238032e-07
-4.38878330994777e-05
-0.000192384091112537
-0.000490969403968279
-0.000853243704611927
   -0.001021740948287
-0.000822787070974476
-0.000415190141108347
-7.15644403952908e-05
 0.000100031195076903
 0.000134222982223801
 9.92732844887845e-05
  4.9407133236418e-05
 1.41596090995489e-05
 2.07813864389955e-06
-4.49908897241262e-07
Condition Number of H:
204.40970956893193
Iteration :1    GradientNorm: 0.0018620776598543042
Current Design:
1.0000131582684195
0.99995379633237946
1.0002612167486364
0.9951575543105603
0.97596739586059689
0.94386585470932716
0.91198767214029497
0.89586089305384364
0.90234950086278043
0.92621384632567194
0.95536357670901506
0.97907038386400336
0.99295226650089818
0.99858596245719689
0.99991990001517561
1.0000040227822757
1.0000010295592725
0.99999926734224653
Current Fitness: 8.0119305556963734e-05
gradient:

 -0.0007194595572729746
-5.2312935291652093e-05
 4.3786378323803171e-07
 4.3887833099477705e-05
 0.00019238409111253655
 0.00049096940396827892
 0.00085324370461192659
  0.0010217409482869981
 0.00082278707097447603
  0.0004151901411083467
 7.1564440395290773e-05
-0.00010003119507690327
-0.00013422298222380127
-9.9273284488784509e-05
-4.9407133236418016e-05
-1.4159609099548926e-05
-2.0781386438995517e-06
 4.4990889724126231e-07
pk:

 -0.055591031265158151
  0.022269260319795422
 -0.035133841682585265
0.00073449230933814429
-0.0059510001180682667
  0.020576797442609162
  0.026052261518654619
  0.030807399951919362
  0.024656794537449296
  0.010376855645648751
 -0.010309390892854483
 -0.027377517794425314
 -0.029081093963127389
 -0.025556793347028203
 -0.016650996946328309
 -0.017873996027242763
-0.0054737710360969654
 -0.020891695705200542
Flow iterations = 2241   Density Residual = 9.77393839526998e-15
Gradient from Adjoint:
 0.000144805734224627
 7.21222107152133e-06
-3.07186991736389e-07
 2.01356581058035e-06
-1.55541607600506e-05
-7.57471998229815e-05
-0.000167942461119248
-0.000212293389349697
-0.000153070095020578
-5.85165446320948e-05
-1.24325064205531e-05
-1.44624453406241e-05
-2.18463730406677e-05
-2.22952138951696e-05
-1.95275005548117e-05
-1.06917809678493e-05
-3.28121392848554e-06
 4.52168938504739e-07
Time: 8.551081
End of Design Iteration: 1


Iteration :2    GradientNorm: 0.000359133551201276
Current Design:
0.944422127003261
1.02222305665217
0.965127375066051
0.995892046619898
0.970016395742529
0.964442652151936
0.93803993365895
0.926668293005763
0.92700629540023
0.936590701971321
0.945054185816161
0.951692866069578
0.963871172537771
0.973029169110169
0.983268903068847
0.982130026755033
0.994527258523176
0.979107571637046
Current Fitness: 4.60258498560304e-06
gradient:

-0.000144805734224627
-7.21222107152133e-06
 3.07186991736389e-07
-2.01356581058035e-06
 1.55541607600506e-05
 7.57471998229815e-05
 0.000167942461119248
 0.000212293389349697
 0.000153070095020578
 5.85165446320948e-05
 1.24325064205531e-05
 1.44624453406241e-05
 2.18463730406677e-05
 2.22952138951696e-05
 1.95275005548117e-05
 1.06917809678493e-05
 3.28121392848554e-06
-4.52168938504739e-07
pk:

   0.0225770318635125
 -0.00747738921417481
   0.0137335207788761
-0.000403218878070732
  0.00723353293975541
   0.0061452587030454
    0.011547396548784
   0.0115936813887315
  0.00983371453788077
   0.0061601434536271
  0.00330088788595014
  0.00676066983709605
  0.00655413645610975
  0.00736878434004256
  0.00593308772432218
  0.00836261511481123
  0.00166546651170537
   0.0114250654758195
Flow iterations = 2210   Density Residual = 9.93278663291603e-15
Gradient from Adjoint:
 6.25187902385182e-05
 5.43039719868264e-06
 1.07871495179183e-06
 5.89847321149966e-07
-7.06590470960244e-06
-3.73314645632693e-05
-8.92905274677681e-05
 -0.00011507524186317
-7.97853871832226e-05
-2.79273956288551e-05
-4.36031825062004e-06
-6.65686639346915e-08
 2.21200482883718e-07
-3.00490561895322e-07
-5.97433424888227e-07
 6.42730216922988e-07
 3.03022264769249e-06
 4.83931068327753e-06
Time: 8.803002
End of Design Iteration: 2


Iteration :3    GradientNorm: 0.000183838106509617
Current Design:
0.966999158866774
1.014745667438
0.978860895844927
0.995488827741828
0.977249928682284
0.970587910854982
0.949587330207734
0.938261974394495
0.93684000993811
0.942750845424948
0.948355073702111
0.958453535906674
0.970425308993881
0.980397953450211
0.98920199079317
0.990492641869844
0.996192725034881
0.990532637112865
Current Fitness: 1.39268526756927e-06
gradient:

-6.25187902385182e-05
-5.43039719868264e-06
-1.07871495179183e-06
-5.89847321149966e-07
 7.06590470960244e-06
 3.73314645632693e-05
 8.92905274677681e-05
  0.00011507524186317
 7.97853871832226e-05
 2.79273956288551e-05
 4.36031825062004e-06
 6.65686639346915e-08
-2.21200482883718e-07
 3.00490561895322e-07
 5.97433424888227e-07
-6.42730216922988e-07
-3.03022264769249e-06
-4.83931068327753e-06
pk:

  0.0203188626994232
-0.00830333294944254
  0.0113354176905273
0.000982316453006706
 0.00565267454270402
 0.00563875384915954
  0.0110087139227546
  0.0119345172788436
 0.00961247357726284
 0.00412350454450374
 0.00481714604264765
 0.00309063647140619
 0.00506465785972732
 0.00266676001200163
 0.00578248256862826
 0.00312409385361154
 0.00450557964049522
 0.00256842731331984
Flow iterations = 2193   Density Residual = 9.44661497685981e-15
Gradient from Adjoint:
 1.15542738824315e-05
 1.08796226307176e-06
-5.88705966038876e-07
 9.44368220140446e-08
 2.36938660774469e-08
-3.29128679004849e-06
-1.56001462017405e-05
-2.23024461485834e-05
-1.24604571254049e-05
-2.35413016815237e-06
-8.38800632437621e-07
-2.66131497469471e-06
-2.78931192548028e-06
-3.20539686809063e-06
-1.08879526656652e-06
-1.08579180373734e-06
-1.01205804775591e-06
  -1.609337766661e-06
Time: 9.056602
End of Design Iteration: 3


Iteration :4    GradientNorm: 3.28521198532795e-05
Current Design:
0.987318021566197
1.00644233448856
0.990196313535454
0.996471144194835
0.982902603224988
0.976226664704141
0.960596044130488
0.950196491673338
0.946452483515373
0.946874349969452
0.953172219744758
0.96154417237808
0.975489966853608
0.983064713462213
0.994984473361798
0.993616735723456
1.00069830467538
0.993101064426185
Current Fitness: 7.45729132483498e-08
gradient:

-1.15542738824315e-05
-1.08796226307176e-06
 5.88705966038876e-07
-9.44368220140446e-08
-2.36938660774469e-08
 3.29128679004849e-06
 1.56001462017405e-05
 2.23024461485834e-05
 1.24604571254049e-05
 2.35413016815237e-06
 8.38800632437621e-07
 2.66131497469471e-06
 2.78931192548028e-06
 3.20539686809063e-06
 1.08879526656652e-06
 1.08579180373734e-06
 1.01205804775591e-06
   1.609337766661e-06
pk:

   0.0205189248134289
 -0.00954230924488864
   0.0136733367872017
-0.000420626231096427
  0.00692819566290702
  0.00286427510631033
  0.00838442136320979
  0.00882484325954376
  0.00638398825065722
  0.00409423048368513
  0.00357319669101826
  0.00615719048299112
  0.00201820181893774
  0.00808348876850793
 0.000415523901559389
  0.00989357426320353
 -0.00118414726356821
   0.0115417717266753
Flow iterations = 2182   Density Residual = 9.82978167562251e-15
Gradient from Adjoint:
-1.49630466565069e-05
-1.01535686803298e-06
 -1.4358446749754e-07
-2.05709843848421e-07
 1.06665103791602e-06
 8.62624312665907e-06
 1.90892220752197e-05
 2.39805262665256e-05
 1.76074440140214e-05
 5.77309461472366e-06
 1.00826677383709e-06
 2.03706679973411e-07
-7.53918180013249e-07
 5.14519209533505e-07
-2.37205450426808e-08
 1.10311999778131e-06
 1.45413105415916e-06
 1.60779947860567e-06
Time: 9.311602
End of Design Iteration: 4


Iteration :5    GradientNorm: 3.98893392021231e-05
Current Design:
1.00783694637963
0.996900025243669
1.00386965032266
0.996050517963738
0.989830798887895
0.979090939810452
0.968980465493698
0.959021334932882
0.95283647176603
0.950968580453137
0.956745416435777
0.967701362861071
0.977508168672546
0.991148202230721
0.995399997263357
1.00351030998666
0.999514157411808
1.00464283615286
Current Fitness: 7.25793394766745e-08
gradient:

 1.49630466565069e-05
 1.01535686803298e-06
  1.4358446749754e-07
 2.05709843848421e-07
-1.06665103791602e-06
-8.62624312665907e-06
-1.90892220752197e-05
-2.39805262665256e-05
-1.76074440140214e-05
-5.77309461472366e-06
-1.00826677383709e-06
-2.03706679973411e-07
 7.53918180013249e-07
-5.14519209533505e-07
 2.37205450426808e-08
-1.10311999778131e-06
-1.45413105415916e-06
-1.60779947860567e-06
pk:

 -0.00653311708346755
  0.00268374714800244
 -0.00388951384741299
-0.000233524414813374
 -0.00181229168705815
 -0.00150124904198502
 -0.00306328372402988
 -0.00316531161563978
 -0.00264211895296389
 -0.00133213432430239
 -0.00106400675448084
 -0.00219220362812704
 4.71710648564853e-05
 -0.00311518139974977
 0.000548932240412817
 -0.00387092742074521
 0.000722887167200725
 -0.00429541588955169
Flow iterations = 2186   Density Residual = 9.58867324986867e-15
Gradient from Adjoint:
-2.32899204684612e-06
-1.61658703297547e-07
-6.89311011548198e-08
-9.62684090443127e-09
 1.07190569052088e-07
 1.63115765900824e-06
 3.24190289996721e-06
 3.98228540939125e-06
 3.12073148525029e-06
  9.5586552096115e-07
 9.26441187211313e-08
 1.05964279018212e-07
 2.67724728620419e-07
   9.982103343068e-08
 9.31721044910255e-08
 -3.8730272828902e-08
-1.29285760627895e-07
  -1.883027772033e-07
Time: 9.563865
End of Design Iteration: 5


Iteration :6    GradientNorm: 6.73144324279544e-06
Current Design:
1.00130382929616
0.999583772391671
0.999980136475243
0.995816993548925
0.988018507200837
0.977589690768467
0.965917181769668
0.955856023317242
0.950194352813067
0.949636446128834
0.955681409681296
0.965509159232944
0.977555339737402
0.988033020830971
0.99594892950377
0.999639382565914
1.00023704457901
1.00034742026331
Current Fitness: 2.10175088544276e-09
gradient:

 2.32899204684612e-06
 1.61658703297547e-07
 6.89311011548198e-08
 9.62684090443127e-09
-1.07190569052088e-07
-1.63115765900824e-06
-3.24190289996721e-06
-3.98228540939125e-06
-3.12073148525029e-06
 -9.5586552096115e-07
-9.26441187211313e-08
-1.05964279018212e-07
-2.67724728620419e-07
  -9.982103343068e-08
-9.31721044910255e-08
  3.8730272828902e-08
 1.29285760627895e-07
   1.883027772033e-07
pk:

 -0.00113851294212626
 0.000381433387063437
-0.000516281038758421
-0.000196910339482728
-0.000163706622094394
-0.000383496867017188
 -0.00052022053200085
 -0.00052613986546417
-0.000564058138892028
-0.000120285694269502
-0.000341267156091995
-9.83361019274131e-05
 -0.00048935076401851
-4.26216035272383e-05
-0.000443744946107901
-7.55398049417516e-05
-0.000269580824041648
-0.000182878380448081
Flow iterations = 2186   Density Residual = 9.96304518656225e-15
Gradient from Adjoint:
-2.65396460129666e-07
-7.42721381042551e-09
  4.7392372267411e-09
 1.38251903114187e-08
-2.88313382620737e-09
 2.04826097524311e-07
 2.68274940173404e-07
 3.02918661063663e-07
 3.44482799544468e-07
 7.92554738098529e-08
 1.63841138702016e-08
-3.25674528346285e-08
-1.27174667982865e-07
-6.44523650430422e-11
 2.60424699826437e-08
 1.06422837636424e-07
 1.36173337461986e-07
 1.31269896825645e-07
Time: 9.815419
End of Design Iteration: 6


Iteration :7    GradientNorm: 6.83102147792545e-07
Current Design:
1.00016531635403
0.999965205778735
0.999463855436485
0.995620083209442
0.987854800578742
0.977206193901449
0.965396961237667
0.955329883451778
0.949630294674175
0.949516160434565
0.955340142525204
0.965410823131017
0.977065988973384
0.987990399227444
0.995505184557662
0.999563842760972
0.999967463754967
1.00016454188286
Current Fitness: 3.7235784607527e-11
gradient:

 2.65396460129666e-07
 7.42721381042551e-09
 -4.7392372267411e-09
-1.38251903114187e-08
 2.88313382620737e-09
-2.04826097524311e-07
-2.68274940173404e-07
-3.02918661063663e-07
-3.44482799544468e-07
-7.92554738098529e-08
-1.63841138702016e-08
 3.25674528346285e-08
 1.27174667982865e-07
 6.44523650430422e-11
-2.60424699826437e-08
-1.06422837636424e-07
-1.36173337461986e-07
-1.31269896825645e-07
pk:

-0.000277347007206742
 8.90021756750704e-05
-0.000131121111902346
-5.23502330738372e-05
-3.49391833853314e-05
-9.34071869367753e-05
-0.000105121873272178
-9.15276080654624e-05
-0.000131385535942604
-3.12767288043548e-05
-5.22856116930362e-05
-0.000112192056039212
 6.44325212432891e-05
-0.000180684742321154
  6.5403785693346e-05
-0.000221828082611187
 5.01345399935387e-05
-0.000245020490164259
Flow iterations = 2187   Density Residual = 9.59356413698219e-15
Gradient from Adjoint:
 1.45509358371592e-07
 4.61012594597383e-09
-7.88703071534352e-09
-1.67738916918086e-10
-9.18579787168076e-09
-4.94649898778681e-08
-2.18255743159488e-07
-2.92576165864272e-07
-1.50659901450282e-07
-4.41603660259023e-08
-1.41619674308099e-08
 1.51554025222049e-08
 5.58921463553443e-08
 5.50091796188634e-09
-1.77627581368506e-09
-2.78145917283963e-08
-3.65820053294163e-08
-4.02018922409377e-08
Time: 10.068109
End of Design Iteration: 7


Iteration :8    GradientNorm: 4.34727767470234e-07
Current Design:
0.999887969346826
1.00005420795441
0.999332734324582
0.995567732976368
0.987819861395357
0.977112786714513
0.965291839364395
0.955238355843713
0.949498909138232
0.949484883705761
0.955287856913511
0.965298631074978
0.977130421494627
0.987809714485123
0.995570588343355
0.999342014678361
1.00001759829496
0.999919521392697
Current Fitness: 1.16890445096707e-11
gradient:

-1.45509358371592e-07
-4.61012594597383e-09
 7.88703071534352e-09
 1.67738916918086e-10
 9.18579787168076e-09
 4.94649898778681e-08
 2.18255743159488e-07
 2.92576165864272e-07
 1.50659901450282e-07
 4.41603660259023e-08
 1.41619674308099e-08
-1.51554025222049e-08
-5.58921463553443e-08
-5.50091796188634e-09
 1.77627581368506e-09
 2.78145917283963e-08
 3.65820053294163e-08
 4.02018922409377e-08
pk:

 0.000105763999233526
-4.45291482519208e-05
 6.78882696758092e-05
-2.30568727590249e-07
  3.5152561449495e-05
 1.51305352911669e-05
 4.59715316103699e-05
 4.83626655271396e-05
 3.28805379417249e-05
 2.32508564514136e-05
 1.56434155288879e-05
 3.92412611697526e-05
 -1.2982098265253e-05
 5.56880747022783e-05
-1.16060393452377e-05
 6.73430730721208e-05
-1.23912317935575e-05
 7.47695551701862e-05
Flow iterations = 2187   Density Residual = 9.58148425638285e-15
Gradient from Adjoint:
-1.12802596515988e-09
-8.94774613414522e-10
-2.30800398403271e-09
 9.55037606705996e-10
-1.02719489830299e-09
 2.19171800401553e-08
 -1.5430940166834e-08
-2.82583194933819e-08
 2.06659953056073e-08
 5.76566327888925e-09
-2.34343386470146e-09
-1.28612195585916e-10
 2.74837381871743e-09
 6.87698818165493e-10
 3.30951642025579e-09
 1.72780786714481e-09
 5.89735145541102e-10
-1.68278221041028e-09
Time: 10.334211
End of Design Iteration: 8


Iteration :9    GradientNorm: 4.49149774337775e-08
Current Design:
0.999993733346059
1.00000967880616
0.999400622594258
0.995567502407641
0.987855013956807
0.977127917249804
0.965337810896005
0.95528671850924
0.949531789676174
0.949508134562212
0.95530350032904
0.965337872336147
0.977117439396362
0.987865402559825
0.99555898230401
0.999409357751433
1.00000520706317
0.999994290947867
Current Fitness: 5.22178382173955e-13
gradient:

 1.12802596515988e-09
 8.94774613414522e-10
 2.30800398403271e-09
-9.55037606705996e-10
 1.02719489830299e-09
-2.19171800401553e-08
  1.5430940166834e-08
 2.82583194933819e-08
-2.06659953056073e-08
-5.76566327888925e-09
 2.34343386470146e-09
 1.28612195585916e-10
-2.74837381871743e-09
-6.87698818165493e-10
-3.30951642025579e-09
-1.72780786714481e-09
-5.89735145541102e-10
 1.68278221041028e-09
pk:

 6.36458308121652e-06
-6.42391932260353e-06
 1.11160818379027e-05
 -7.8219815411854e-06
 1.09667362841834e-05
-8.18740409931754e-06
 4.57092197903907e-06
  7.9671160539033e-06
-6.71794080019454e-06
 6.60083839002741e-06
-2.22026808746032e-06
 4.52093410550088e-06
-2.30205492759083e-06
 4.87801069688642e-06
-2.60937813158247e-06
 5.38083323491977e-06
-2.81969990132704e-06
 5.37273758756529e-06
Flow iterations = 2187   Density Residual = 9.22155102035424e-15
Gradient from Adjoint:
-3.57363598414437e-09
-4.89344669275718e-10
-6.31679497914599e-10
 2.82029061015683e-10
 1.87336846568289e-10
 1.00591789465182e-08
 -3.9879937692152e-09
-7.46995807854873e-09
 1.29936199361894e-08
 4.39589787800014e-09
-4.94505414832597e-10
 1.21388993400793e-10
 7.28850631637316e-10
 5.26553125431727e-10
 1.16463319775075e-09
 1.08376143671363e-09
 8.89915860126407e-10
 2.07341764905876e-10
Time: 10.601056
End of Design Iteration: 9


Iteration :10    GradientNorm: 1.94681050853771e-08
Current Design:
1.00000009792914
1.00000325488684
0.999411738676096
0.995559680426099
0.987865980693091
0.977119729845704
0.965342381817984
0.955294685625294
0.949525071735373
0.949514735400602
0.955301280060952
0.965342393270253
0.977115137341434
0.987870280570522
0.995556372925879
0.999414738584668
1.00000238736327
0.999999663685454
Current Fitness: 8.65181602795403e-14
gradient:

 3.57363598414437e-09
 4.89344669275718e-10
 6.31679497914599e-10
-2.82029061015683e-10
-1.87336846568289e-10
-1.00591789465182e-08
  3.9879937692152e-09
 7.46995807854873e-09
-1.29936199361894e-08
-4.39589787800014e-09
 4.94505414832597e-10
-1.21388993400793e-10
-7.28850631637316e-10
-5.26553125431727e-10
-1.16463319775075e-09
-1.08376143671363e-09
-8.89915860126407e-10
-2.07341764905876e-10
pk:

-2.20674114879731e-07
-1.58578073555772e-06
 3.12588246189647e-06
-3.73375908065078e-06
 4.34042580050337e-06
-4.83111320363492e-06
 1.01928873036158e-06
 3.09567419650561e-06
-5.10627499209652e-06
 2.82156367089035e-06
-1.75402297622723e-06
 1.13615099628119e-06
-1.16489615983181e-06
 7.66018969058036e-07
 -9.3267752562673e-07
 5.96562783343259e-07
-9.30781541649583e-07
 3.07469624628277e-07
Flow iterations = 2186   Density Residual = 9.88879255855743e-15
Gradient from Adjoint:
-3.65374898793186e-11
-3.66447813422034e-11
-4.97086663039922e-11
 1.12829160980498e-11
 2.15112123764142e-10
   1.551715946068e-09
-2.65880646585992e-09
 -3.3577208401073e-09
 2.64267983172053e-09
  1.2942306864141e-09
-5.51731518579518e-11
-6.46700912740836e-11
-6.89385763341882e-11
  4.8793206602847e-11
  2.1097386400466e-10
 1.92569817223756e-10
 1.60807248247244e-10
 6.52658637757166e-11
Time: 10.877806
End of Design Iteration: 10


Iteration :11    GradientNorm: 5.43946447953641e-09
Current Design:
0.999999877255026
1.0000016691061
0.999414864558558
0.995555946667019
0.987870321118891
0.977114898732501
0.965343401106715
0.95529778129949
0.949519965460381
0.949517556964273
0.955299526037976
0.965343529421249
0.977113972445274
0.987871046589491
0.995555440248353
0.999415335147452
1.00000145658172
0.999999971155079
Current Fitness: 6.14887744148904e-15
gradient:

 3.65374898793186e-11
 3.66447813422034e-11
 4.97086663039922e-11
-1.12829160980498e-11
-2.15112123764142e-10
  -1.551715946068e-09
 2.65880646585992e-09
  3.3577208401073e-09
-2.64267983172053e-09
 -1.2942306864141e-09
 5.51731518579518e-11
 6.46700912740836e-11
 6.89385763341882e-11
 -4.8793206602847e-11
 -2.1097386400466e-10
-1.92569817223756e-10
-1.60807248247244e-10
-6.52658637757166e-11
pk:

 1.76399749476634e-07
-3.59999876829241e-07
 6.78619776616897e-07
-6.88891054171078e-07
 9.44286647899451e-07
-1.05657054601513e-06
 3.86731480943593e-07
 1.09635973512195e-06
-1.35793411473385e-06
 7.54725921178992e-07
-3.63589249227716e-07
 2.80077393679564e-07
-1.02603593234595e-07
 1.59118308751467e-07
-1.19267098149286e-07
 1.41665141613666e-07
-1.40197466725205e-07
 1.04573732865215e-07
Flow iterations = 2187   Density Residual = 9.49615654143277e-15
Gradient from Adjoint:
 2.24953857154752e-10
 1.80591624863978e-11
 1.91745677129494e-11
-1.56555139310955e-11
 7.47672040720292e-11
-1.40791973947644e-10
-8.85033828605118e-10
-8.78444351281327e-10
 2.40075462440397e-10
 2.78479520450875e-10
 2.48580785554551e-11
 3.56135830324541e-11
 6.46052499204563e-11
 2.27456930079982e-11
-2.67408808003908e-11
-4.41301074751846e-11
-4.02536177061159e-11
 -2.0005927837429e-11
Time: 11.1316
End of Design Iteration: 11


Iteration :12    GradientNorm: 1.33354889687524e-09
Current Design:
1.00000005365478
1.00000130910622
0.999415543178334
0.995555257775965
0.987871265405539
0.977113842161955
0.965343787838196
0.955298877659225
0.949518607526267
0.949518311690194
0.955299162448727
0.965343809498643
0.977113869841681
0.9878712057078
0.995555320981255
0.999415476812593
1.00000131638426
1.00000007572881
Current Fitness: 1.18102988873783e-15
gradient:

-2.24953857154752e-10
-1.80591624863978e-11
-1.91745677129494e-11
 1.56555139310955e-11
-7.47672040720292e-11
 1.40791973947644e-10
 8.85033828605118e-10
 8.78444351281327e-10
-2.40075462440397e-10
-2.78479520450875e-10
-2.48580785554551e-11
-3.56135830324541e-11
-6.46052499204563e-11
-2.27456930079982e-11
 2.67408808003908e-11
 4.41301074751846e-11
 4.02536177061159e-11
  2.0005927837429e-11
pk:

 8.27356781728541e-08
-1.28934189134671e-08
 1.37963996913533e-08
 3.41646417702698e-08
 8.24268676397517e-09
-8.04502912931724e-09
 5.92641901989553e-08
 1.83940768487112e-07
-1.32446488461405e-07
 7.14272311108068e-08
-1.10272329520564e-08
 3.86609933094928e-08
-1.37873749132294e-08
 3.39600382555727e-08
 7.00967948585297e-09
 3.79119223205476e-08
 9.20568975519074e-09
 4.03913651154061e-08
Flow iterations = 2187   Density Residual = 9.34011246083351e-15
Gradient from Adjoint:
 8.11077373016823e-11
 8.17132630391657e-12
 7.70453359722964e-12
 -4.7293242251437e-12
 2.05199254992748e-11
-8.44495538606387e-11
-2.91843312399537e-10
-2.66833095819693e-10
 8.59927255216813e-11
 9.88232522392792e-11
 1.00409802337862e-11
 5.44090349098574e-14
 -5.0210503445242e-12
 1.10235577435764e-13
-7.14087571573353e-12
-1.08923492375501e-11
-9.49454753360909e-12
-2.47497909723055e-12
Time: 11.396776
End of Design Iteration: 12


Iteration :13    GradientNorm: 4.33825904225521e-10
Current Design:
1.00000013639045
1.0000012962128
0.999415556974734
0.995555291940606
0.987871273648226
0.977113834116926
0.965343847102386
0.955299061599994
0.949518475079778
0.949518383117425
0.955299151421494
0.965343848159636
0.977113856054306
0.987871239667838
0.995555327990934
0.999415514724515
1.00000132558995
1.00000011612018
Current Fitness: 1.04496410505355e-15
gradient:

-8.11077373016823e-11
-8.17132630391657e-12
-7.70453359722964e-12
  4.7293242251437e-12
-2.05199254992748e-11
 8.44495538606387e-11
 2.91843312399537e-10
 2.66833095819693e-10
-8.59927255216813e-11
-9.88232522392792e-11
-1.00409802337862e-11
-5.44090349098574e-14
  5.0210503445242e-12
-1.10235577435764e-13
 7.14087571573353e-12
 1.08923492375501e-11
 9.49454753360909e-12
 2.47497909723055e-12
pk:

 3.05779747107495e-08
 2.08450608337881e-09
-9.83788560571105e-09
 3.04891525124176e-08
-1.93108459702509e-08
 2.25882708453602e-08
 1.40800393444389e-08
 6.75957148735104e-08
-4.36097461263455e-08
 1.95847299749796e-08
 1.73179497720992e-09
 6.88905928907897e-09
 1.09738098084054e-08
 3.00150408484785e-09
 9.88207253218377e-09
 6.03639409855682e-09
 9.09631821778213e-09
 8.94256651952292e-09
Flow iterations = 2187   Density Residual = 9.3105160465173e-15
Gradient from Adjoint:
 7.97111259564358e-12
 7.93630754839235e-13
 4.20324139858897e-13
-2.71593744406807e-13
 1.09702328484002e-12
-1.39374409184744e-11
 -4.9907464956028e-11
-4.22949596580696e-11
 3.46582769302134e-11
 2.36821920928147e-11
 1.54984843268414e-12
  3.1348925189334e-12
 5.88872847927423e-12
  1.9245587162905e-12
-2.04567545319334e-12
-3.36497272060902e-12
-3.08945460200583e-12
-1.82109067809472e-12
Time: 11.652052
End of Design Iteration: 13


Final Gradient:
 7.97111259564358e-12
 7.93630754839235e-13
 4.20324139858897e-13
-2.71593744406807e-13
 1.09702328484002e-12
-1.39374409184744e-11
 -4.9907464956028e-11
-4.22949596580696e-11
 3.46582769302134e-11
 2.36821920928147e-11
 1.54984843268414e-12
  3.1348925189334e-12
 5.88872847927423e-12
  1.9245587162905e-12
-2.04567545319334e-12
-3.36497272060902e-12
-3.08945460200583e-12
-1.82109067809472e-12

Final Design:
1.00000016696843
1.00000129829731
0.999415547136849
0.995555322429759
0.98787125433738
0.977113856705197
0.965343861182425
0.955299129195709
0.949518431470032
0.949518402702155
0.955299153153289
0.965343855048696
0.977113867028116
0.987871242669342
0.995555337873007
0.999415520760909
1.00000133468627
1.00000012506274
Fitness: 1.03047826679556e-15
