Flow iterations = 2187   Density Residual = 9.30143846754987e-15
Flow iterations = 2503   Density Residual = 9.58490798083953e-15
Gradient from Adjoint:
 0.000719459557272975
 5.23129352916521e-05
-4.37863783238032e-07
-4.38878330994777e-05
-0.000192384091112537
-0.000490969403968279
-0.000853243704611927
   -0.001021740948287
-0.000822787070974476
-0.000415190141108347
-7.15644403952908e-05
 0.000100031195076903
 0.000134222982223801
 9.92732844887845e-05
  4.9407133236418e-05
 1.41596090995489e-05
 2.07813864389955e-06
-4.49908897241262e-07
Condition Number of H:
204.40970956893193
Iteration :1    GradientNorm: 0.0018620776598543042
Current Design:
1.0000131582684195
0.99995379633237946
1.0002612167486364
0.9951575543105603
0.97596739586059689
0.94386585470932716
0.91198767214029497
0.89586089305384364
0.90234950086278043
0.92621384632567194
0.95536357670901506
0.97907038386400336
0.99295226650089818
0.99858596245719689
0.99991990001517561
1.0000040227822757
1.0000010295592725
0.99999926734224653
Current Fitness: 8.0119305556963734e-05
gradient:

 -0.0007194595572729746
-5.2312935291652093e-05
 4.3786378323803171e-07
 4.3887833099477705e-05
 0.00019238409111253655
 0.00049096940396827892
 0.00085324370461192659
  0.0010217409482869981
 0.00082278707097447603
  0.0004151901411083467
 7.1564440395290773e-05
-0.00010003119507690327
-0.00013422298222380127
-9.9273284488784509e-05
-4.9407133236418016e-05
-1.4159609099548926e-05
-2.0781386438995517e-06
 4.4990889724126231e-07
pk:

 -0.055591031265158151
  0.022269260319795422
 -0.035133841682585265
0.00073449230933814429
-0.0059510001180682667
  0.020576797442609162
  0.026052261518654619
  0.030807399951919362
  0.024656794537449296
  0.010376855645648751
 -0.010309390892854483
 -0.027377517794425314
 -0.029081093963127389
 -0.025556793347028203
 -0.016650996946328309
 -0.017873996027242763
-0.0054737710360969654
 -0.020891695705200542
Flow iterations = 2241   Density Residual = 9.77393839526998e-15
Gradient from Adjoint:
 0.000144805734224627
 7.21222107152133e-06
-3.07186991736389e-07
 2.01356581058035e-06
-1.55541607600506e-05
-7.57471998229815e-05
-0.000167942461119248
-0.000212293389349697
-0.000153070095020578
-5.85165446320948e-05
-1.24325064205531e-05
-1.44624453406241e-05
-2.18463730406677e-05
-2.22952138951696e-05
-1.95275005548117e-05
-1.06917809678493e-05
-3.28121392848554e-06
 4.52168938504739e-07
Time: 8.390122
End of Design Iteration: 1


Iteration :2    GradientNorm: 0.000359133551201276
Current Design:
0.944422127003261
1.02222305665217
0.965127375066051
0.995892046619898
0.970016395742529
0.964442652151936
0.93803993365895
0.926668293005763
0.92700629540023
0.936590701971321
0.945054185816161
0.951692866069578
0.963871172537771
0.973029169110169
0.983268903068847
0.982130026755033
0.994527258523176
0.979107571637046
Current Fitness: 4.60258498560304e-06
gradient:

-0.000144805734224627
-7.21222107152133e-06
 3.07186991736389e-07
-2.01356581058035e-06
 1.55541607600506e-05
 7.57471998229815e-05
 0.000167942461119248
 0.000212293389349697
 0.000153070095020578
 5.85165446320948e-05
 1.24325064205531e-05
 1.44624453406241e-05
 2.18463730406677e-05
 2.22952138951696e-05
 1.95275005548117e-05
 1.06917809678493e-05
 3.28121392848554e-06
-4.52168938504739e-07
pk:

   0.0312792633328963
  -0.0102868649679123
    0.019002231385135
-0.000563503599918525
   0.0102450344719277
   0.0091864299325622
   0.0170244363120216
   0.0171802630553491
   0.0145444720762671
  0.00901564306340889
  0.00453211441399942
  0.00916444672503214
   0.0088366441947699
   0.0100694471354065
  0.00818151510967992
   0.0116371260417356
  0.00228155754585969
   0.0159651680365242
Flow iterations = 2198   Density Residual = 9.76542542715865e-15
Gradient from Adjoint:
 2.07884666673347e-05
 4.06702228083924e-06
 1.65199969981995e-06
 8.01673456581478e-07
-6.23819537205097e-07
-1.54958982136686e-05
-4.84374496239658e-05
-6.55367684065975e-05
-4.09317074744363e-05
-9.97610742103675e-06
 -1.8937258037846e-07
 3.56888035614347e-06
 6.24289072596788e-06
 6.42941314678289e-06
  5.9398282075224e-06
 4.87740544681635e-06
 5.54289799217654e-06
 6.65757660906665e-06
Time: 8.639033
End of Design Iteration: 2


Iteration :3    GradientNorm: 9.66228142935261e-05
Current Design:
0.975701390336158
1.01193619168426
0.984129606451186
0.99532854301998
0.980261430214456
0.973629082084499
0.955064369970971
0.943848556061112
0.941550767476497
0.94560634503473
0.94958630023016
0.96085731279461
0.972707816732541
0.983098616245575
0.991450418178527
0.993767152796769
0.996808816069035
0.99507273967357
Current Fitness: 5.0001982315502e-07
gradient:

-2.07884666673347e-05
-4.06702228083924e-06
-1.65199969981995e-06
-8.01673456581478e-07
 6.23819537205097e-07
 1.54958982136686e-05
 4.84374496239658e-05
 6.55367684065975e-05
 4.09317074744363e-05
 9.97610742103675e-06
  1.8937258037846e-07
-3.56888035614347e-06
-6.24289072596788e-06
-6.42941314678289e-06
 -5.9398282075224e-06
-4.87740544681635e-06
-5.54289799217654e-06
-6.65757660906665e-06
pk:

  0.0163006232111452
-0.00714878928805303
 0.00879643926980877
 0.00123912600282531
 0.00407266951123678
 0.00375404688384728
 0.00771842204916265
 0.00855302081702415
 0.00678036697704278
 0.00237958693413397
 0.00444725647968399
 0.00184848757488397
 0.00399573449585106
 0.00120072968404787
 0.00461982252319647
 0.00133929286980708
 0.00431487602405926
0.000159369870921629
Flow iterations = 2190   Density Residual = 8.96470214877279e-15
Gradient from Adjoint:
 4.39328231610691e-07
 7.79758177524908e-07
-4.78478085834858e-07
 1.48515773876347e-09
 1.31475154765126e-06
 2.45244609641983e-06
-3.83512761349984e-06
-7.75322824470485e-06
-1.51069563049644e-06
 2.13961255644266e-06
 2.17708795733833e-07
-1.21149161250505e-06
-5.83726872388404e-07
-1.11692119460065e-06
 7.28503657307808e-07
 1.93719799831293e-08
-3.43835823909433e-07
-1.11268153324575e-06
Time: 8.885304
End of Design Iteration: 3


Iteration :4    GradientNorm: 9.76957877662505e-06
Current Design:
0.992002013547303
1.00478740239621
0.992926045720995
0.996567669022805
0.984334099725693
0.977383128968346
0.962782792020134
0.952401576878136
0.94833113445354
0.947985931968863
0.954033556709844
0.962705800369494
0.976703551228392
0.984299345929623
0.996070240701724
0.995106445666576
1.00112369209309
0.995232109544492
Current Fitness: 2.1184335196523e-08
gradient:

-4.39328231610691e-07
-7.79758177524908e-07
 4.78478085834858e-07
-1.48515773876347e-09
-1.31475154765126e-06
-2.45244609641983e-06
 3.83512761349984e-06
 7.75322824470485e-06
 1.51069563049644e-06
-2.13961255644266e-06
-2.17708795733833e-07
 1.21149161250505e-06
 5.83726872388404e-07
 1.11692119460065e-06
-7.28503657307808e-07
-1.93719799831293e-08
 3.43835823909433e-07
 1.11268153324575e-06
pk:

   0.0067957836899474
 -0.00365871254166054
  0.00507884726824251
-0.000458225607084833
   0.0025675691020263
 0.000255510528969254
  0.00223303470922904
  0.00235277649782787
  0.00140090312220481
  0.00123949063154212
  0.00100628964963624
  0.00254048149833184
-0.000128627067251735
  0.00367999314054558
 -0.00105880615503773
  0.00451110376668655
 -0.00146222538527984
  0.00513302654223741
Flow iterations = 2187   Density Residual = 9.60075107466764e-15
Gradient from Adjoint:
-2.37251699267616e-06
 2.53650163161853e-07
-2.43860300321066e-08
 -1.1523356294912e-09
 2.94923634353297e-07
 1.80072862540641e-06
 7.48096804413227e-07
-1.55236939757402e-07
 1.50404238262705e-06
 1.08313657039742e-06
 2.86903224878913e-07
 1.08267496057563e-08
-1.98654542448858e-07
  3.4687612286704e-07
 5.00744475514695e-07
 9.25635734098547e-07
 1.18952735411446e-06
 1.21654697730198e-06
Time: 9.139564
End of Design Iteration: 4


Iteration :5    GradientNorm: 4.15778501689137e-06
Current Design:
0.99879779723725
1.00112868985455
0.998004892989237
0.99610944341572
0.986901668827719
0.977638639497315
0.965015826729363
0.954754353375964
0.949732037575744
0.949225422600406
0.95503984635948
0.965246281867826
0.97657492416114
0.987979339070169
0.995011434546686
0.999617549433262
0.999661466707815
1.00036513608673
Current Fitness: 1.84972373597275e-09
gradient:

 2.37251699267616e-06
-2.53650163161853e-07
 2.43860300321066e-08
  1.1523356294912e-09
-2.94923634353297e-07
-1.80072862540641e-06
-7.48096804413227e-07
 1.55236939757402e-07
-1.50404238262705e-06
-1.08313657039742e-06
-2.86903224878913e-07
-1.08267496057563e-08
 1.98654542448858e-07
 -3.4687612286704e-07
-5.00744475514695e-07
-9.25635734098547e-07
-1.18952735411446e-06
-1.21654697730198e-06
pk:

  0.00117809368136978
-0.000944895972946498
  0.00113634882741749
-0.000300317755348183
 0.000684786954840238
-0.000249892901867408
 0.000328534562486707
 0.000450687753368144
  2.2775866987722e-05
 0.000174674880333809
 0.000330430357789439
  2.8523460863502e-05
 0.000649831547578738
-0.000172337795565658
 0.000629792102993671
-0.000259951042870808
 0.000396807679091824
-0.000357090687771454
Flow iterations = 2187   Density Residual = 9.15551361083093e-15
Gradient from Adjoint:
-7.35080771190291e-07
-8.29185132466995e-09
-5.55461355838923e-08
-7.22407761629639e-09
-8.26644501156282e-09
 6.86810881708325e-07
  5.3819774649023e-07
 3.58974976262494e-07
 7.91985310553411e-07
 2.88013884196751e-07
  1.9177060638479e-08
 1.21695406116986e-07
  2.7301310975703e-07
 1.93105896139463e-07
 1.79044135994308e-07
 1.12812496754645e-07
 9.48614570821056e-08
 7.27109898167895e-08
Time: 9.393175
End of Design Iteration: 5


Iteration :6    GradientNorm: 1.52647069320436e-06
Current Design:
0.99997589091862
1.0001837938816
0.999141241816655
0.995809125660372
0.98758645578256
0.977388746595448
0.96534436129185
0.955205041129332
0.949754813442732
0.94940009748074
0.95537027671727
0.965274805328689
0.977224755708719
0.987807001274603
0.99564122664968
0.999357598390391
1.00005827438691
1.00000804539896
Current Fitness: 1.83125489857181e-10
gradient:

 7.35080771190291e-07
 8.29185132466995e-09
 5.55461355838923e-08
 7.22407761629639e-09
 8.26644501156282e-09
-6.86810881708325e-07
 -5.3819774649023e-07
-3.58974976262494e-07
-7.91985310553411e-07
-2.88013884196751e-07
 -1.9177060638479e-08
-1.21695406116986e-07
 -2.7301310975703e-07
-1.93105896139463e-07
-1.79044135994308e-07
-1.12812496754645e-07
-9.48614570821056e-08
-7.27109898167895e-08
pk:

 0.000133451862126322
-0.000216486098578552
 0.000298773342133448
 -0.00019610652449138
 0.000252727951475032
-0.000201588936066036
 2.40580705379625e-05
 8.25106042795142e-05
-0.000143337266442409
 8.82580123357403e-05
-1.76784852633466e-05
   6.945232886975e-05
  -6.534438105072e-05
 6.62455945759331e-05
-3.62987995962485e-05
 6.13750029968005e-05
-2.07236652122095e-05
-1.69174988246852e-07
Flow iterations = 2186   Density Residual = 9.95541891516884e-15
Gradient from Adjoint:
-1.24309320324702e-08
-1.96618097492373e-08
 -9.5251865628052e-09
 5.31468498867889e-09
-3.51615442625982e-08
 1.00675642324925e-07
 5.68603657230127e-08
 3.73451287743426e-08
 1.47427079936359e-07
-5.30881906880684e-09
-2.18251454763279e-08
 2.99600281496133e-09
 1.14835317771416e-08
  8.2789721629546e-09
 2.62936224799729e-08
 3.00808228872557e-09
-1.72304920734632e-08
-3.53446424623182e-08
Time: 9.64353
End of Design Iteration: 6


Iteration :7    GradientNorm: 2.03359187089732e-07
Current Design:
1.00010934278075
0.999967307783024
0.999440015158788
0.995613019135881
0.987839183734035
0.977187157659382
0.965368419362387
0.955287551733612
0.94961147617629
0.949488355493075
0.955352598232006
0.965344257657559
0.977159411327668
0.987873246869179
0.995604927850083
0.999418973393388
1.00003755072169
1.00000787622397
Current Fitness: 1.12641334080711e-11
gradient:

 1.24309320324702e-08
 1.96618097492373e-08
  9.5251865628052e-09
-5.31468498867889e-09
 3.51615442625982e-08
-1.00675642324925e-07
-5.68603657230127e-08
-3.73451287743426e-08
-1.47427079936359e-07
 5.30881906880684e-09
 2.18251454763279e-08
-2.99600281496133e-09
-1.14835317771416e-08
 -8.2789721629546e-09
-2.62936224799729e-08
-3.00808228872557e-09
 1.72304920734632e-08
 3.53446424623182e-08
pk:

-7.26289573671016e-05
 1.01982835771137e-05
 1.93989538348525e-06
-5.56009766783961e-05
 3.91262679913106e-05
-6.40992658291993e-05
-1.75865349463097e-05
 6.45760821168964e-06
-7.10129260629603e-05
  2.5022577401317e-05
-3.95179604601167e-05
 3.53600429277887e-06
-3.53735013325737e-05
 4.57487246029488e-06
-4.37521437260358e-05
 5.11747710961305e-06
-3.28652425534891e-05
-8.93481234231345e-07
Flow iterations = 2187   Density Residual = 9.38151008538405e-15
Gradient from Adjoint:
 3.81443598024087e-08
-7.03792451734917e-09
 1.00025584217363e-09
 2.53584287846758e-09
-6.32245272474728e-09
-3.86147240028209e-09
 -3.1192156200129e-08
-3.20034330579405e-08
 6.36888347496581e-09
-1.24864612493172e-08
-6.65582852062379e-09
 1.44319421262657e-09
 1.33476840625002e-09
-4.30900139388197e-09
-1.03060700357393e-08
-1.01823171220978e-08
-1.18825774784905e-08
 -1.2384144670986e-08
Time: 9.898191
End of Design Iteration: 7


Iteration :8    GradientNorm: 6.58154540565891e-08
Current Design:
1.00003671382338
0.999977506066601
0.999441955054172
0.995557418159202
0.987878310002026
0.977123058393553
0.965350832827441
0.955294009341823
0.949540463250227
0.949513378070477
0.955313080271546
0.965347793661852
0.977124037826336
0.987877821741639
0.995561175706357
0.999424090870498
1.00000468547914
1.00000698274274
Current Fitness: 6.45681977192467e-13
gradient:

-3.81443598024087e-08
 7.03792451734917e-09
-1.00025584217363e-09
-2.53584287846758e-09
 6.32245272474728e-09
 3.86147240028209e-09
  3.1192156200129e-08
 3.20034330579405e-08
-6.36888347496581e-09
 1.24864612493172e-08
 6.65582852062379e-09
-1.44319421262657e-09
-1.33476840625002e-09
 4.30900139388197e-09
 1.03060700357393e-08
 1.01823171220978e-08
 1.18825774784905e-08
  1.2384144670986e-08
pk:

 -2.9220662990241e-05
 1.66559858692635e-05
-1.71932031497234e-05
-5.61126048068369e-06
-1.81605897804301e-06
  -9.992136920197e-06
-5.23014797822445e-06
 2.54924461944345e-06
-1.73711919037766e-05
 4.78777116178461e-06
-1.19567683508867e-05
 -2.1467029755154e-06
-9.93462963299181e-06
-3.89381216369473e-06
-6.23393876462161e-06
-5.54442066697777e-06
-4.18208872252002e-06
-4.67645890593663e-06
Flow iterations = 2187   Density Residual = 9.35593409105107e-15
Gradient from Adjoint:
 1.14741037302719e-08
 -1.3677949834198e-09
 1.05104063415004e-09
 6.59267647411662e-11
 1.30912522999089e-09
-4.56848122052188e-09
-1.47611887929425e-08
-1.39264037902534e-08
 3.77836265473135e-10
 3.65527214971443e-10
-6.54178580053573e-10
-7.13266278113655e-10
-2.68874797318468e-09
 -2.0533613061005e-09
-3.54560543496507e-09
-3.03969585661175e-09
-3.11609004055701e-09
-2.41812925371127e-09
Time: 10.162099
End of Design Iteration: 8


Iteration :9    GradientNorm: 2.48814059300442e-08
Current Design:
1.00000749316039
0.99999416205247
0.999424761851022
0.995551806898722
0.987876493943048
0.977113066256632
0.965345602679463
0.955296558586443
0.949523092058323
0.949518165841638
0.955301123503195
0.965345646958877
0.977114103196703
0.987873927929475
0.995554941767593
0.999418546449831
1.00000050339042
1.00000230628383
Current Fitness: 5.43189369298536e-14
gradient:

-1.14741037302719e-08
  1.3677949834198e-09
-1.05104063415004e-09
-6.59267647411662e-11
-1.30912522999089e-09
 4.56848122052188e-09
 1.47611887929425e-08
 1.39264037902534e-08
-3.77836265473135e-10
-3.65527214971443e-10
 6.54178580053573e-10
 7.13266278113655e-10
 2.68874797318468e-09
  2.0533613061005e-09
 3.54560543496507e-09
 3.03969585661175e-09
 3.11609004055701e-09
 2.41812925371127e-09
pk:

-7.20876009556057e-06
 6.26367936718544e-06
-7.62023379105244e-06
 1.89803145774858e-06
-3.57174723680502e-06
-3.11151853262251e-07
-1.31420405281377e-06
 1.73329091867963e-06
-4.08450231290563e-06
 5.09484808821657e-07
-2.19712105741339e-06
-1.50125406312227e-06
-6.21983334927366e-07
-2.26263619490578e-06
-1.45608437586168e-07
-2.55646240677523e-06
  2.6279444250934e-07
-1.80028854519739e-06
Flow iterations = 2186   Density Residual = 9.97265326521809e-15
Gradient from Adjoint:
 2.14979146931407e-10
 8.26369122729682e-11
 3.27457342879002e-10
-2.09246761323218e-10
 1.27781918836149e-09
-9.76498136585486e-10
-2.71756797208786e-09
 -2.1618044720065e-09
 1.55753903881299e-09
 2.40924070362393e-09
 4.81712166573352e-10
-8.86758472956699e-11
 -4.0095898266076e-10
-2.86236719911435e-10
-7.68539045346846e-10
-5.52811421262422e-10
-3.61744161408898e-10
  3.3144639376931e-11
Time: 10.41176
End of Design Iteration: 9


Iteration :10    GradientNorm: 4.9588497158009e-09
Current Design:
1.00000028440029
1.00000042573184
0.999417141617231
0.995553704930179
0.987872922195811
0.977112755104779
0.96534428847541
0.955298291877361
0.94951900755601
0.949518675326447
0.955298926382138
0.965344145704813
0.977113481213368
0.98787166529328
0.995554796159155
0.999415989987424
1.00000076618486
1.00000050599528
Current Fitness: 4.30864508504401e-15
gradient:

-2.14979146931407e-10
-8.26369122729682e-11
-3.27457342879002e-10
 2.09246761323218e-10
-1.27781918836149e-09
 9.76498136585486e-10
 2.71756797208786e-09
  2.1618044720065e-09
-1.55753903881299e-09
-2.40924070362393e-09
-4.81712166573352e-10
 8.86758472956699e-11
  4.0095898266076e-10
 2.86236719911435e-10
 7.68539045346846e-10
 5.52811421262422e-10
 3.61744161408898e-10
 -3.3144639376931e-11
pk:

-3.68215051246641e-07
 9.17212370390499e-07
-1.47695180308568e-06
 1.23498263930924e-06
-1.30506552306765e-06
 7.07482737354146e-07
-2.55391713491565e-07
   6.137943487614e-07
-4.86230228148916e-07
-1.84675967170901e-07
 8.61595189176379e-08
-2.76184557769089e-07
 2.59817396404341e-07
-4.14428928485529e-07
 4.38825501507667e-07
-4.83777964203487e-07
 4.64939681933133e-07
-3.72206435457141e-07
Flow iterations = 2187   Density Residual = 9.40685853254552e-15
Gradient from Adjoint:
-6.19965490884754e-10
 1.01298474353434e-10
 4.44199122914863e-11
-7.88844455391888e-11
 3.44978642151378e-10
-1.40639695672392e-10
-1.00561394552462e-10
 7.77375286318273e-11
  8.8045540867976e-10
 1.01851818539838e-09
 2.26870405047791e-10
-1.06502837013546e-11
 -4.4598377389254e-11
 2.07494409111226e-11
-1.09433005511954e-11
 -2.1223949806238e-11
 2.01348786599907e-11
  9.7858085260699e-11
Time: 10.668374
End of Design Iteration: 10


Iteration :11    GradientNorm: 1.5604153276092e-09
Current Design:
0.999999916185242
1.00000134294421
0.999415664665428
0.995554939912819
0.987871617130288
0.977113462587516
0.965344033083697
0.95529890567171
0.949518521325782
0.94951849065048
0.955299012541657
0.965343869520256
0.977113741030764
0.987871250864352
0.995555234984657
0.99941550620946
1.00000123112454
1.00000013378885
Current Fitness: 1.277359633397e-15
gradient:

 6.19965490884754e-10
-1.01298474353434e-10
-4.44199122914863e-11
 7.88844455391888e-11
-3.44978642151378e-10
 1.40639695672392e-10
 1.00561394552462e-10
-7.77375286318273e-11
 -8.8045540867976e-10
-1.01851818539838e-09
-2.26870405047791e-10
 1.06502837013546e-11
  4.4598377389254e-11
-2.07494409111226e-11
 1.09433005511954e-11
  2.1223949806238e-11
-2.01348786599907e-11
 -9.7858085260699e-11
pk:

 1.89288256017675e-07
 1.56940963594862e-08
-1.72166085362156e-07
 3.69841383705342e-07
-3.42368283013877e-07
 3.17561394394973e-07
-1.08575263794343e-07
 1.90682736962973e-07
-7.66766888574438e-08
-8.52908864625725e-08
 1.23924084271398e-07
-2.97416086359948e-08
 1.24580547126739e-07
-3.15998358043357e-08
 1.09729030110496e-07
-1.56056080091398e-08
 1.10552175075708e-07
-2.51639800880091e-08
Flow iterations = 2186   Density Residual = 9.98023346532052e-15
Gradient from Adjoint:
-1.81570502203054e-10
 2.46891038050418e-11
-9.61091000592127e-12
-4.65926624621567e-12
-4.35357647559532e-13
-3.09710214295369e-11
  1.3589091949092e-10
 1.41714519141242e-10
 2.09266083293816e-10
  1.7572893139362e-10
 3.70045060355428e-11
  1.0180593512274e-11
  2.9714789212264e-11
 2.35087451179706e-11
 3.02220654097494e-11
 1.59644939511317e-11
 1.90049000504876e-11
 1.98875098229646e-11
Time: 10.924176
End of Design Iteration: 11


Iteration :12    GradientNorm: 3.90777064807944e-10
Current Design:
1.0000001054735
1.0000013586383
0.999415492499343
0.995555309754202
0.987871274762005
0.977113780148911
0.965343924508433
0.955299096354447
0.949518444649093
0.949518405359593
0.955299136465741
0.965343839778647
0.977113865611311
0.987871219264516
0.995555344713687
0.999415490603852
1.00000134167672
1.00000010862487
Current Fitness: 1.04062252562012e-15
gradient:

 1.81570502203054e-10
-2.46891038050418e-11
 9.61091000592127e-12
 4.65926624621567e-12
 4.35357647559532e-13
 3.09710214295369e-11
 -1.3589091949092e-10
-1.41714519141242e-10
-2.09266083293816e-10
 -1.7572893139362e-10
-3.70045060355428e-11
 -1.0180593512274e-11
 -2.9714789212264e-11
-2.35087451179706e-11
-3.02220654097494e-11
-1.59644939511317e-11
-1.90049000504876e-11
-1.98875098229646e-11
pk:

  5.9505308006983e-08
-4.81531901671673e-08
 3.79384547585128e-08
 2.42601189895707e-08
-2.51507353667191e-08
 6.25392288297012e-08
-3.98651213940138e-08
 3.53990947872349e-08
-1.91174706847158e-08
-3.27398338258975e-09
 1.77610862503962e-08
 1.29352363642217e-08
 3.95545961173466e-09
 1.92976087421245e-08
 -8.3769513780288e-10
 2.47324147703251e-08
-7.28155114089579e-10
 1.33380349024413e-08
Flow iterations = 2186   Density Residual = 9.93231187777496e-15
Gradient from Adjoint:
-1.43523895219952e-11
 2.50373722997056e-12
-4.63092327487721e-12
 2.81333319407968e-12
-2.18208458431748e-11
-1.83494029607786e-11
 4.18051923326046e-11
 2.30730600325964e-11
 2.18570589316995e-11
 7.25790799646861e-12
-4.23288234496483e-13
 2.31309650979917e-12
 6.60373670386203e-12
 4.62000651459993e-12
 7.83014776824683e-12
  3.4916550893414e-12
 2.42360801799765e-12
-8.85348807444182e-14
Time: 11.176783
End of Design Iteration: 12


Final Gradient:
-1.43523895219952e-11
 2.50373722997056e-12
-4.63092327487721e-12
 2.81333319407968e-12
-2.18208458431748e-11
-1.83494029607786e-11
 4.18051923326046e-11
 2.30730600325964e-11
 2.18570589316995e-11
 7.25790799646861e-12
-4.23288234496483e-13
 2.31309650979917e-12
 6.60373670386203e-12
 4.62000651459993e-12
 7.83014776824683e-12
  3.4916550893414e-12
 2.42360801799765e-12
-8.85348807444182e-14

Final Design:
1.00000016497881
1.00000131048511
0.999415530437797
0.995555334014321
0.987871249611269
0.97711384268814
0.965343884643311
0.955299131753542
0.949518425531622
0.94951840208561
0.955299154226827
0.965343852713883
0.977113869566771
0.987871238562125
0.995555343875992
0.999415515336267
1.00000134094856
1.0000001219629
Fitness: 1.03054742663237e-15

