Creating Target Pressure
Flow iterations = 2187   Density Residual = 9.30143846754987e-15
Flow iterations = 2503   Density Residual = 9.30071392697692e-15
Gradient from Adjoint:
  0.00141934249270859
 0.000307638016006093
 3.00102077281515e-05
 2.02777125806653e-06
 1.34507911631424e-06
 1.41507978646174e-06
 1.02199457915385e-07
-3.69401403025049e-06
 -1.1192207027756e-05
-2.36481653039787e-05
-4.22723526466141e-05
-6.81053362257136e-05
-0.000101805889034566
-0.000143319067775149
-0.000191448716562771
-0.000243436314973294
-0.000294770615259426
-0.000339490720934433
-0.000371173538177038
-0.000384460843753854
-0.000376619770343016
-0.000348417849674818
-0.000303887859705111
-0.000249103203569307
-0.000190574044474376
-0.000133907718581927
-8.30894649943006e-05
-4.03720668541168e-05
-6.55750683282706e-06
 1.85719462101793e-05
 3.58420864374694e-05
 4.63719637194049e-05
 5.13679491946912e-05
 5.20082623463393e-05
 4.93864479736497e-05
 4.44900128589552e-05
 3.81918599539672e-05
 3.12463857583864e-05
 2.42825208610284e-05
 1.77966260073516e-05
 1.21456759996337e-05
 7.54603074757697e-06
 4.07881480878277e-06
 1.70353639280921e-06
 2.78016028473758e-07
-2.92214549631216e-07
-3.73117258573483e-07
-3.24847054507484e-07
dWdDes ||r||/||b|| residual:
0.0025354126600966049
Condition Number of H:
5793.8614830948027
Iteration :1    GradientNorm: 0.00179703095233508
Current Design:
1.0000000134746978
0.99999982454726732
1.0000018252850109
0.99996459192506348
0.99974191191643313
0.99908201576426614
0.9976581797934112
0.99512270120222979
0.99117083524974325
0.98560122267466765
0.97836252867484785
0.96957907925864784
0.95955253418732844
0.94874026888328689
0.93771440911598791
0.92710762632712007
0.91755298907102967
0.9096252332108713
0.90379000004216681
0.90036606535915964
0.89950365415953604
0.90117986256034988
0.90521026067906718
0.91127412265949392
0.91894956954035667
0.92775428131245175
0.9371873412689482
0.94676815850418916
0.95606917468664321
0.96474006894173436
0.97252229422632452
0.97925387680437315
0.98486537685140951
0.98936865751927128
0.99284059295172633
0.99540404553864403
0.99720837553120356
0.99841145272932097
0.99916468073079001
0.99960198835762648
0.99983316256151966
0.99994135606147094
0.99998415728715428
0.99999729187984165
0.99999986192791557
1.0000000067841519
1.0000000014530959
0.99999999906952308
Current Fitness: 8.0111856678436474e-05
gradient:

 -0.0014193424927085858
-0.00030763801600609255
-3.0010207728151465e-05
-2.0277712580665294e-06
-1.3450791163142409e-06
-1.4150797864617405e-06
-1.0219945791538527e-07
 3.6940140302504854e-06
 1.1192207027756043e-05
 2.3648165303978694e-05
 4.2272352646614063e-05
 6.8105336225713611e-05
 0.00010180588903456625
 0.00014331906777514914
 0.00019144871656277145
 0.00024343631497329384
  0.0002947706152594259
 0.00033949072093443315
 0.00037117353817703769
 0.00038446084375385367
 0.00037661977034301639
 0.00034841784967481787
 0.00030388785970511095
 0.00024910320356930727
 0.00019057404447437551
 0.00013390771858192712
 8.3089464994300636e-05
 4.0372066854116846e-05
 6.5575068328270604e-06
-1.8571946210179296e-05
-3.5842086437469351e-05
-4.6371963719404877e-05
-5.1367949194691215e-05
-5.2008262346339349e-05
-4.9386447973649716e-05
-4.4490012858955209e-05
-3.8191859953967222e-05
-3.1246385758386421e-05
-2.4282520861028355e-05
-1.7796626007351571e-05
-1.2145675999633705e-05
-7.5460307475769718e-06
-4.0788148087827738e-06
-1.7035363928092148e-06
-2.7801602847375827e-07
 2.9221454963121602e-07
 3.7311725857348323e-07
  3.248470545074837e-07
pk:

-0.70619474061221821
 -0.1705674531136617
-0.45271634239281888
-0.27581401325365779
-0.36469787026305855
-0.31507320506860093
-0.34167306168418693
-0.32391205738652229
-0.32872433371267118
-0.31815228854703514
-0.31339887278081774
-0.30302826946792505
-0.29418789077470103
-0.28389936562976026
-0.27487882089689047
-0.26654097478755018
-0.25994237073355303
-0.25495564369973778
-0.25192699765031762
-0.25076725675205558
-0.25159795829182041
-0.25435110058807009
-0.25913170510574629
-0.26576122152918369
-0.27433859700785707
 -0.2842101286073821
-0.29563096763834368
-0.30685643601894003
-0.31922084254147959
-0.32866496730317973
-0.34002964467184132
-0.34465182534641325
-0.35287228279149313
-0.35432232172916012
-0.35651304615513135
-0.35593828912493203
-0.35299136531557662
-0.35127789258759901
-0.34324908007753302
-0.34213223947828919
-0.32490125504937545
-0.32874941360775611
-0.29493359093101773
-0.32151973579298598
-0.24162073602156803
 -0.3544222728887873
-0.11609218798873439
-0.45964894081798846
Flow iterations = 3222   Density Residual = 9.26280246726465e-15
Flow iterations = 2612   Density Residual = 9.62507637368654e-15
newVal: 2.68077710377805e-05
currentI + alpha/2.0 * c_pk_grad: 8.010746221157e-05
Gradient from Adjoint:
 0.000567286851780152
 8.81374494384492e-05
-1.28601294639259e-05
-1.25525013493292e-05
-6.89141636028094e-06
-6.21945172882078e-06
-5.99454465179235e-06
-7.10031617126727e-06
-9.20664284789556e-06
-1.33280439333264e-05
-1.99285721907842e-05
-2.99293617781353e-05
-4.39153605218429e-05
-6.22607874538514e-05
-8.46165432270491e-05
-0.000109734747148339
-0.000135261096439003
 -0.00015792782334981
-0.000174118869299592
-0.000180800773823392
-0.000176469620143744
 -0.00016168841773129
-0.000138931681863615
-0.000111828031789046
-8.41584099419676e-05
-5.90455627334788e-05
-3.84899436151994e-05
-2.33460009937307e-05
 -1.3469686104738e-05
-8.10713733955413e-06
-6.17202562502603e-06
 -6.1613441452169e-06
-8.39350251612494e-06
-1.07120705530769e-05
-1.27770252066405e-05
 -1.4001984012513e-05
-1.37874484616576e-05
-1.15864649570825e-05
-6.56105201588631e-06
 2.27346986031083e-06
 1.53529197388157e-05
 3.18248567589485e-05
 5.04023639506791e-05
 7.07228091853746e-05
 9.20499989331136e-05
 8.77648207984795e-05
 7.49810990561447e-05
 6.19114271940575e-05
Time: 48.928548
End of Design Iteration: 1


Iteration :2    GradientNorm: 0.000774746906071432
Current Design:
0.646902643168589
0.914716097990437
0.773643654088601
0.862057585298235
0.817392976784904
0.841545413229966
0.826821648951318
0.833166672508969
0.826808668393408
0.82652507840115
0.821663092284439
0.818064944524685
0.812458588799978
0.806790586068407
0.800274998667543
0.793837138933345
0.787581803704253
0.782147411361002
0.777826501217008
0.774982436983132
0.773704675013626
0.774004312266315
0.775644408126194
0.778393511894902
0.781780271036428
0.785649217008761
0.789371857449776
0.793339940494719
0.796458753415903
0.800407585290144
0.802507471890404
0.806927964131167
0.808429235455663
0.812207496654691
0.814584069874161
0.817434900976178
0.820712692873415
0.822772506435521
0.827540140692024
0.828535868618482
0.837382535036832
0.835566649257593
0.852517361821645
0.839237423983349
0.879189493917132
0.822788870339758
0.941953907458729
0.770175528660529
Current Fitness: 2.68077710377805e-05
gradient:

-0.000567286851780152
-8.81374494384492e-05
 1.28601294639259e-05
 1.25525013493292e-05
 6.89141636028094e-06
 6.21945172882078e-06
 5.99454465179235e-06
 7.10031617126727e-06
 9.20664284789556e-06
 1.33280439333264e-05
 1.99285721907842e-05
 2.99293617781353e-05
 4.39153605218429e-05
 6.22607874538514e-05
 8.46165432270491e-05
 0.000109734747148339
 0.000135261096439003
  0.00015792782334981
 0.000174118869299592
 0.000180800773823392
 0.000176469620143744
  0.00016168841773129
 0.000138931681863615
 0.000111828031789046
 8.41584099419676e-05
 5.90455627334788e-05
 3.84899436151994e-05
 2.33460009937307e-05
  1.3469686104738e-05
 8.10713733955413e-06
 6.17202562502603e-06
  6.1613441452169e-06
 8.39350251612494e-06
 1.07120705530769e-05
 1.27770252066405e-05
  1.4001984012513e-05
 1.37874484616576e-05
 1.15864649570825e-05
 6.56105201588631e-06
-2.27346986031083e-06
-1.53529197388157e-05
-3.18248567589485e-05
-5.04023639506791e-05
-7.07228091853746e-05
-9.20499989331136e-05
-8.77648207984795e-05
-7.49810990561447e-05
-6.19114271940575e-05
pk:

 0.353829000330842
 0.127750447946254
 0.229690679100708
 0.151028532298281
 0.185683294974118
 0.165784653637661
 0.176196232755302
 0.170715089070244
 0.174317211633465
 0.173724086921385
 0.176108637684092
  0.17761936326309
  0.18011784227307
 0.182314275440038
 0.184541231624393
 0.186275497075099
 0.187574321425781
 0.188247772522754
 0.188429097323103
 0.187979755433565
 0.187170291052661
 0.185573477694354
 0.183905614396177
 0.180883563147238
  0.17886725580889
 0.173977342311512
 0.173653616104209
 0.165761863169962
 0.172140919206106
 0.156895044670654
  0.17883970920382
 0.148743684748463
 0.181813331044643
  0.16084293775585
 0.178018993122202
 0.170377559613087
 0.176697624300602
 0.173463199084169
 0.172705132895231
 0.168811317696126
 0.159522773851608
 0.153564252944185
 0.135822731912891
 0.135544240287338
 0.100005304648715
 0.127100160380689
0.0414666514261456
 0.151235749004592
Flow iterations = 2325   Density Residual = 9.43689355297781e-15
Gradient from Adjoint:
 6.83587934945164e-05
 3.80369090925313e-05
 2.63340884001845e-05
 1.74424183438736e-05
 9.61064851420519e-06
 7.90511074625221e-06
 7.92167451147354e-06
 8.93598155395146e-06
 1.06516218868919e-05
 1.30808032851193e-05
  1.5962999344252e-05
 1.88743199804011e-05
 2.12105200812631e-05
 2.23708885669927e-05
 2.19518750869868e-05
 1.99427846683622e-05
 1.68294055819713e-05
 1.35457907909524e-05
 1.12297759904181e-05
 1.08413902904543e-05
 1.27514192000717e-05
 1.65534948991999e-05
 2.11053692871962e-05
 2.49941077878455e-05
 2.68615769681206e-05
 2.61192237735107e-05
 2.27318221451401e-05
 1.77854586900293e-05
 1.25505255456894e-05
 8.08420048435611e-06
 7.06084494499642e-06
-1.28800766214552e-06
 9.30807741679909e-06
 1.12350168334184e-05
 1.46023412038812e-05
 1.64238977814435e-05
 1.65269587362527e-05
 1.39944424986992e-05
 8.04494338793247e-06
-2.73116032831961e-06
-1.90918048633746e-05
-4.05948114777083e-05
 -6.6112214600455e-05
-9.62468853820566e-05
 -0.00013070070549482
-0.000129201955576521
-0.000113687099298946
-9.67511260123094e-05
Time: 49.312656
End of Design Iteration: 2


Iteration :3    GradientNorm: 0.000296334072081436
Current Design:
1.00073164349943
1.04246654593669
1.00333433318931
1.01308611759652
1.00307627175902
1.00733006686763
1.00301788170662
1.00388176157921
1.00112588002687
1.00024916532254
0.997771729968531
0.995684307787776
0.992576431073048
0.989104861508444
0.984816230291935
0.980112636008444
0.975156125130034
0.970395183883756
0.966255598540111
0.962962192416697
0.960874966066287
0.959577789960669
0.959550022522371
0.95927707504214
0.960647526845318
0.959626559320273
0.963025473553985
0.959101803664681
0.96859967262201
0.957302629960799
0.981347181094224
0.955671648879629
0.990242566500306
0.973050434410542
0.992603062996363
0.987812460589265
0.997410317174017
0.99623570551969
1.00024527358725
0.997347186314608
0.99690530888844
0.989130902201778
0.988340093734536
0.974781664270687
0.979194798565846
0.949889030720447
0.983420558884874
0.921411277665121
Current Fitness: 1.33720012526443e-05
gradient:

-6.83587934945164e-05
-3.80369090925313e-05
-2.63340884001845e-05
-1.74424183438736e-05
-9.61064851420519e-06
-7.90511074625221e-06
-7.92167451147354e-06
-8.93598155395146e-06
-1.06516218868919e-05
-1.30808032851193e-05
 -1.5962999344252e-05
-1.88743199804011e-05
-2.12105200812631e-05
-2.23708885669927e-05
-2.19518750869868e-05
-1.99427846683622e-05
-1.68294055819713e-05
-1.35457907909524e-05
-1.12297759904181e-05
-1.08413902904543e-05
-1.27514192000717e-05
-1.65534948991999e-05
-2.11053692871962e-05
-2.49941077878455e-05
-2.68615769681206e-05
-2.61192237735107e-05
-2.27318221451401e-05
-1.77854586900293e-05
-1.25505255456894e-05
-8.08420048435611e-06
-7.06084494499642e-06
 1.28800766214552e-06
-9.30807741679909e-06
-1.12350168334184e-05
-1.46023412038812e-05
-1.64238977814435e-05
-1.65269587362527e-05
-1.39944424986992e-05
-8.04494338793247e-06
 2.73116032831961e-06
 1.90918048633746e-05
 4.05948114777083e-05
  6.6112214600455e-05
 9.62468853820566e-05
  0.00013070070549482
 0.000129201955576521
 0.000113687099298946
 9.67511260123094e-05
pk:

  -0.0720288649673843
  -0.0157103392922839
   -0.055399124665102
  -0.0278882795115217
   -0.039815479365163
  -0.0324202017932261
  -0.0364512332667678
  -0.0344073560271331
  -0.0360626454128834
  -0.0358610969752761
  -0.0368216085012223
  -0.0370634891450189
  -0.0374596253333701
  -0.0373805647276358
  -0.0371671847710859
  -0.0366897632839373
  -0.0362053413502672
  -0.0356868140444304
  -0.0353933545866388
  -0.0351261107310067
  -0.0353275120956977
  -0.0352473302034947
  -0.0361146017957796
  -0.0355187916839389
    -0.03746052129066
  -0.0343397800025419
   -0.039346485311169
  -0.0289804039520934
  -0.0440481767627794
  -0.0164684159601031
  -0.0564959849405882
 -0.00052988121683567
  -0.0577113197421067
  -0.0151002563135544
  -0.0455566636487933
  -0.0272539652467546
   -0.039841024071224
  -0.0321482986850035
  -0.0364575872607471
   -0.031438986940531
  -0.0309584969094567
  -0.0244580941068597
  -0.0220187252794966
  -0.0131018078135312
  -0.0100563442777885
  0.00522895144523949
-0.000761714919103429
   0.0205476046095938
Flow iterations = 2245   Density Residual = 9.42338391510384e-15
Gradient from Adjoint:
 -5.7740254950295e-05
 2.55147593761452e-06
 1.27256596152009e-05
 8.19958265680544e-06
 4.03587114985673e-06
 3.40921190730153e-06
 3.45649121682442e-06
 3.53734311218652e-06
 3.79706995279538e-06
 4.24050963826825e-06
   4.962676193265e-06
 5.84162828658808e-06
 6.64097788497604e-06
 6.94866742661622e-06
 6.39125100668498e-06
 4.80100034624435e-06
 2.40720678874916e-06
-1.61048038435846e-07
-2.04301970344008e-06
-2.49536031497116e-06
-1.22643133964046e-06
 1.39269579634478e-06
  4.5039193266255e-06
 7.01660043276729e-06
 8.29783383903125e-06
 8.08398762041425e-06
 7.19634336867264e-06
 6.16611014217273e-06
 5.98541281451909e-06
 7.05616692360542e-06
 7.08395931383577e-06
 1.41246496505049e-05
 9.94977772897426e-06
 1.23676429858289e-05
 1.23252078633115e-05
 1.22464189535598e-05
 1.12117441020101e-05
  9.3043922892981e-06
 6.10788911599002e-06
 1.52004661384638e-06
-4.29940409129041e-06
-1.04313264803091e-05
-1.59280034613961e-05
-1.98046950911537e-05
-2.12219481521806e-05
 -1.6207192882981e-05
-1.07561391447602e-05
 -6.2361174330274e-06
Time: 49.707364
End of Design Iteration: 3


Iteration :4    GradientNorm: 8.34536761335372e-05
Current Design:
0.928702778532046
1.02675620664441
0.947935208524208
0.985197838084994
0.963260792393859
0.9749098650744
0.966566648439852
0.96947440555208
0.96506323461399
0.964388068347259
0.960950121467308
0.958620818642757
0.955116805739678
0.951724296780809
0.947649045520849
0.943422872724506
0.938950783779767
0.934708369839326
0.930862243953472
0.92783608168569
0.925547453970589
0.924330459757174
0.923435420726591
0.923758283358201
0.923187005554658
0.925286779317731
0.923678988242816
0.930121399712587
0.92455149585923
0.940834214000696
0.924851196153635
0.955141767662794
0.9325312467582
0.957950178096987
0.94704639934757
0.96055849534251
0.957569293102793
0.964087406834687
0.963787686326508
0.965908199374077
0.965946811978983
0.964672808094918
0.96632136845504
0.961679856457156
0.969138454288058
0.955117982165687
0.982658843965771
0.941958882274715
Current Fitness: 8.15608142217636e-07
gradient:

  5.7740254950295e-05
-2.55147593761452e-06
-1.27256596152009e-05
-8.19958265680544e-06
-4.03587114985673e-06
-3.40921190730153e-06
-3.45649121682442e-06
-3.53734311218652e-06
-3.79706995279538e-06
-4.24050963826825e-06
  -4.962676193265e-06
-5.84162828658808e-06
-6.64097788497604e-06
-6.94866742661622e-06
-6.39125100668498e-06
-4.80100034624435e-06
-2.40720678874916e-06
 1.61048038435846e-07
 2.04301970344008e-06
 2.49536031497116e-06
 1.22643133964046e-06
-1.39269579634478e-06
 -4.5039193266255e-06
-7.01660043276729e-06
-8.29783383903125e-06
-8.08398762041425e-06
-7.19634336867264e-06
-6.16611014217273e-06
-5.98541281451909e-06
-7.05616692360542e-06
-7.08395931383577e-06
-1.41246496505049e-05
-9.94977772897426e-06
-1.23676429858289e-05
-1.23252078633115e-05
-1.22464189535598e-05
-1.12117441020101e-05
 -9.3043922892981e-06
-6.10788911599002e-06
-1.52004661384638e-06
 4.29940409129041e-06
 1.04313264803091e-05
 1.59280034613961e-05
 1.98046950911537e-05
 2.12219481521806e-05
  1.6207192882981e-05
 1.07561391447602e-05
  6.2361174330274e-06
pk:

  -0.0101633165611076
  -0.0169523240572614
  -0.0107199542672251
 -0.00857019011375152
 -0.00709490837662909
 -0.00731930852798592
 -0.00719822004848075
 -0.00723764395357581
 -0.00732325878131704
  -0.0074140177173508
 -0.00762940078674985
 -0.00780736508152692
 -0.00796742300157077
 -0.00795731089998392
 -0.00778392198297373
 -0.00745283462299144
 -0.00704240041585733
 -0.00668489093373311
 -0.00640030755607906
 -0.00638259801826722
 -0.00640227948860285
 -0.00688217166163875
 -0.00692339457857725
 -0.00793904796991979
 -0.00694720830765619
 -0.00921065517641931
 -0.00476315379148247
  -0.0121461217970689
  0.00126073204485412
  -0.0208731012778912
    0.011687060495155
  -0.0323375543997296
   0.0118161741211676
   -0.024792779814706
 0.000708104109947743
  -0.0164762754907178
  -0.0052199143329605
  -0.0117608639391154
 -0.00628633663379466
 -0.00787713536166538
 -0.00380829159825256
 -0.00353214236204226
-0.000281112186133029
 -0.00100542795216094
  0.00171085586426983
 -0.00376862531971638
  0.00233110010740282
  -0.0103360095878325
Flow iterations = 2257   Density Residual = 9.9125310750242e-15
Gradient from Adjoint:
 1.64339620529108e-05
 8.38250106457002e-06
 1.11079191975682e-06
-1.86143948126349e-06
-1.16976564403163e-06
-4.03137578570073e-07
-2.40277594304001e-07
-2.96986741047657e-07
-4.08538473920278e-07
 -5.4459489511052e-07
-6.25273356118737e-07
-6.11916581294373e-07
-4.99860154308756e-07
-4.23454933653854e-07
-5.96385669412147e-07
-1.21763732563345e-06
-2.29281308903786e-06
-3.55725054724826e-06
-4.54698690674876e-06
-4.82434711999807e-06
-4.24108078669488e-06
-3.03880765781115e-06
-1.76426009215738e-06
-8.77788911108972e-07
-6.30285261652064e-07
-6.31150137312171e-07
-8.00915639577188e-07
-5.10544185848838e-07
-3.71260100635094e-07
-6.45251575854118e-07
 4.10477529638044e-07
-3.37283409689972e-06
-3.13919616943721e-07
-2.12015826221269e-06
-1.70515239209025e-06
-1.66327152425334e-06
-1.30317499763656e-06
-8.06857400314714e-07
-1.86728400260913e-07
 5.04105496979679e-07
 1.18908341692885e-06
 1.68562951538595e-06
 1.85471436333174e-06
 1.45311070308305e-06
 2.46923119437625e-07
-1.09024567458234e-06
-1.97231933548899e-06
-2.40309730926932e-06
Time: 50.114584
End of Design Iteration: 4


Iteration :5    GradientNorm: 2.21495313235742e-05
Current Design:
0.918539461970938
1.00980388258715
0.937215254256983
0.976627647971242
0.95616588401723
0.967590556546414
0.959368428391371
0.962236761598504
0.957739975832673
0.956974050629908
0.953320720680558
0.95081345356123
0.947149382738107
0.943766985880825
0.939865123537876
0.935970038101515
0.93190838336391
0.928023478905593
0.924461936397393
0.921453483667423
0.919145174481987
0.917448288095535
0.916512026148014
0.915819235388281
0.916239797247002
0.916076124141312
0.918915834451334
0.917975277915518
0.925812227904085
0.919961112722805
0.93653825664879
0.922804213263064
0.944347420879367
0.933157398282281
0.947754503457517
0.944082219851793
0.952349378769833
0.952326542895571
0.957501349692713
0.958031064012412
0.96213852038073
0.961140665732876
0.966040256268907
0.960674428504995
0.970849310152328
0.95134935684597
0.984989944073174
0.931622872686882
Current Fitness: 1.944287608384e-07
gradient:

-1.64339620529108e-05
-8.38250106457002e-06
-1.11079191975682e-06
 1.86143948126349e-06
 1.16976564403163e-06
 4.03137578570073e-07
 2.40277594304001e-07
 2.96986741047657e-07
 4.08538473920278e-07
  5.4459489511052e-07
 6.25273356118737e-07
 6.11916581294373e-07
 4.99860154308756e-07
 4.23454933653854e-07
 5.96385669412147e-07
 1.21763732563345e-06
 2.29281308903786e-06
 3.55725054724826e-06
 4.54698690674876e-06
 4.82434711999807e-06
 4.24108078669488e-06
 3.03880765781115e-06
 1.76426009215738e-06
 8.77788911108972e-07
 6.30285261652064e-07
 6.31150137312171e-07
 8.00915639577188e-07
 5.10544185848838e-07
 3.71260100635094e-07
 6.45251575854118e-07
-4.10477529638044e-07
 3.37283409689972e-06
 3.13919616943721e-07
 2.12015826221269e-06
 1.70515239209025e-06
 1.66327152425334e-06
 1.30317499763656e-06
 8.06857400314714e-07
 1.86728400260913e-07
-5.04105496979679e-07
-1.18908341692885e-06
-1.68562951538595e-06
-1.85471436333174e-06
-1.45311070308305e-06
-2.46923119437625e-07
 1.09024567458234e-06
 1.97231933548899e-06
 2.40309730926932e-06
pk:

   0.0115404403188015
 -0.00456218561036176
  0.00861875479010645
  0.00328091679846194
  0.00598004707134384
  0.00415880634392685
  0.00505825877287803
  0.00455155416712274
  0.00483331303300657
  0.00468469449190094
  0.00473081643231979
  0.00462989062353982
  0.00456333012102112
  0.00448509463941339
  0.00447132168921766
  0.00452772108096019
  0.00463433716794918
  0.00476212861580245
  0.00483131754433723
  0.00486072340488664
  0.00474297424556081
  0.00467468786619909
   0.0043833650481556
  0.00453105818090647
  0.00402405527034983
  0.00505302018015269
  0.00327778219707964
  0.00684330390207099
  0.00043095381435863
   0.0111804550887442
 -0.00492370255785716
    0.016129284291042
 -0.00553646944075645
   0.0129413629581987
-0.000396524882196386
  0.00850289019486787
  0.00275446921847686
  0.00618819349717587
   0.0038222658007569
  0.00511364336346461
  0.00394259881267484
  0.00460376582228435
  0.00375145019714087
  0.00467268363650034
  0.00342364907141547
  0.00631024205001192
  0.00193591316599285
  0.00975226425916689
Flow iterations = 2247   Density Residual = 9.6928952284018e-15
Gradient from Adjoint:
 1.39799738381521e-05
 5.38289402960291e-06
-3.09573035313851e-07
-1.38839895335646e-06
-3.97757079862722e-07
-4.33976200586922e-08
-1.01708859874427e-07
  -1.573276999968e-07
-2.42925296664687e-07
-3.64276569345219e-07
-5.19204473084963e-07
-6.73261667544908e-07
-7.87114049627152e-07
-8.75738950951607e-07
-1.02291477866904e-06
-1.35194948626232e-06
-1.91153987144683e-06
-2.59285420888204e-06
-3.14166728110361e-06
-3.30164004787937e-06
-2.98955030544695e-06
-2.37022629598813e-06
-1.74794901871103e-06
-1.34809768422245e-06
-1.16017954727879e-06
-1.02539744664617e-06
 -7.6775069083258e-07
 -5.3436052454103e-07
-2.89905765032116e-07
-1.07826120345874e-07
-3.99359445213096e-07
 2.47536519873953e-07
-4.17111109441953e-07
 5.84904025060329e-08
-1.33242770895791e-07
-1.50411820858633e-07
-1.63042700238188e-07
-1.81683827897922e-07
 -1.1982935099692e-07
-2.96510466559355e-08
 7.72052132400577e-08
 1.13912867266719e-07
 1.81304937752924e-08
-3.17642059762646e-07
-9.60989878704819e-07
-1.39341023302976e-06
 -1.5412655607927e-06
-1.57004633002921e-06
Time: 50.526819
End of Design Iteration: 5


Iteration :6    GradientNorm: 1.7149116221109e-05
Current Design:
0.93007990228974
1.00524169697678
0.945834009047089
0.979908564769704
0.962145931088574
0.971749362890341
0.964426687164249
0.966788315765627
0.962573288865679
0.961658745121809
0.958051537112878
0.955443344184769
0.951712712859128
0.948252080520238
0.944336445227093
0.940497759182475
0.936542720531859
0.932785607521395
0.92929325394173
0.926314207072309
0.923888148727547
0.922122975961735
0.920895391196169
0.920350293569188
0.920263852517352
0.921129144321464
0.922193616648413
0.924818581817589
0.926243181718443
0.931141567811549
0.931614554090933
0.938933497554106
0.938810951438611
0.94609876124048
0.947357978575321
0.95258511004666
0.955103847988309
0.958514736392747
0.96132361549347
0.963144707375877
0.966081119193405
0.96574443155516
0.969791706466048
0.965347112141495
0.974272959223743
0.957659598895982
0.986925857239166
0.941375136946049
Current Fitness: 1.13828067333979e-07
gradient:

-1.39799738381521e-05
-5.38289402960291e-06
 3.09573035313851e-07
 1.38839895335646e-06
 3.97757079862722e-07
 4.33976200586922e-08
 1.01708859874427e-07
   1.573276999968e-07
 2.42925296664687e-07
 3.64276569345219e-07
 5.19204473084963e-07
 6.73261667544908e-07
 7.87114049627152e-07
 8.75738950951607e-07
 1.02291477866904e-06
 1.35194948626232e-06
 1.91153987144683e-06
 2.59285420888204e-06
 3.14166728110361e-06
 3.30164004787937e-06
 2.98955030544695e-06
 2.37022629598813e-06
 1.74794901871103e-06
 1.34809768422245e-06
 1.16017954727879e-06
 1.02539744664617e-06
  7.6775069083258e-07
  5.3436052454103e-07
 2.89905765032116e-07
 1.07826120345874e-07
 3.99359445213096e-07
-2.47536519873953e-07
 4.17111109441953e-07
-5.84904025060329e-08
 1.33242770895791e-07
 1.50411820858633e-07
 1.63042700238188e-07
 1.81683827897922e-07
  1.1982935099692e-07
 2.96510466559355e-08
-7.72052132400577e-08
-1.13912867266719e-07
-1.81304937752924e-08
 3.17642059762646e-07
 9.60989878704819e-07
 1.39341023302976e-06
  1.5412655607927e-06
 1.57004633002921e-06
pk:

  0.0191162099817293
-0.00464161114504937
   0.015177094090737
 0.00575853841135578
 0.00994325001630676
 0.00716864614379146
  0.0086915013551929
 0.00783709930569237
  0.0083203994491231
 0.00805727674452729
 0.00818421704281502
 0.00806019846041368
 0.00801513520129303
 0.00790263755638686
 0.00785996592927197
 0.00787962669960127
 0.00797990435357376
 0.00810341758714052
 0.00819173040006667
 0.00819127989431242
 0.00809037872472314
 0.00792226091249656
 0.00775065855571566
 0.00767300341635442
 0.00765760604767775
 0.00782404447034908
 0.00770603682681483
 0.00804621714568671
 0.00748488037338535
 0.00843152027732292
 0.00713357548043028
 0.00914776225999071
 0.00744389289673261
 0.00861771949514479
 0.00803054715435013
 0.00854523087264389
 0.00810360494088008
  0.0084735272731613
 0.00798717396748986
  0.0082616829958302
 0.00759389061617775
 0.00806756141075954
 0.00701248763347697
 0.00843020480755879
 0.00613361981008518
  0.0110008435984161
  0.0031688971868619
  0.0159943043810488
Flow iterations = 2230   Density Residual = 9.5757513093249e-15
Gradient from Adjoint:
 7.68874842420632e-06
 1.98268922322789e-06
-6.22839465533753e-07
 9.01270052673906e-08
 5.44868027960384e-07
 2.80337508740542e-07
 6.68305183893116e-08
 6.54029701131775e-08
 3.49780193978861e-08
 -2.1340832113473e-08
-1.72828196408164e-07
-4.08533061650814e-07
-7.00146502362466e-07
 -9.6714502389745e-07
-1.14772020120137e-06
-1.23759299000564e-06
-1.28674111189004e-06
-1.34119096143857e-06
-1.39804773601172e-06
-1.42706672349733e-06
-1.42621611635085e-06
-1.43645176522814e-06
-1.46949801338923e-06
-1.45587483092841e-06
 -1.2550189955006e-06
-9.00995915495163e-07
-4.47121674509017e-07
-1.76034702861645e-07
 4.72829039364417e-08
 3.29489840520162e-07
 2.46427217681426e-07
 1.68978927031544e-06
 7.65428441894454e-07
 1.24972837164014e-06
 1.21027789030611e-06
 1.16151048744037e-06
 9.51795788307076e-07
 6.75629039514222e-07
 2.89034556501274e-07
-1.69681719916502e-07
-7.03587187224103e-07
-1.23456756433585e-06
-1.71954902332716e-06
-2.07973677810989e-06
-2.23554296201175e-06
-1.77241612676944e-06
-1.23897172199037e-06
-8.44736077024829e-07
Time: 50.916799
End of Design Iteration: 6


Iteration :7    GradientNorm: 1.07653707123264e-05
Current Design:
0.949196112271469
1.00060008583173
0.961011103137826
0.98566710318106
0.972089181104881
0.978918009034133
0.973118188519442
0.974625415071319
0.970893688314802
0.969716021866337
0.966235754155693
0.963503542645183
0.959727848060421
0.956154718076625
0.952196411156365
0.948377385882076
0.944522624885433
0.940889025108536
0.937484984341797
0.934505486966622
0.931978527452271
0.930045236874231
0.928646049751885
0.928023296985542
0.92792145856503
0.928953188791814
0.929899653475228
0.932864798963276
0.933728062091829
0.939573088088872
0.938748129571364
0.948081259814097
0.946254844335343
0.954716480735625
0.955388525729671
0.961130340919304
0.96320745292919
0.966988263665909
0.96931078946096
0.971406390371707
0.973675009809583
0.97381199296592
0.976804194099525
0.973777316949054
0.980406579033828
0.968660442494398
0.990094754426028
0.957369441327098
Current Fitness: 6.07185077732452e-08
gradient:

-7.68874842420632e-06
-1.98268922322789e-06
 6.22839465533753e-07
-9.01270052673906e-08
-5.44868027960384e-07
-2.80337508740542e-07
-6.68305183893116e-08
-6.54029701131775e-08
-3.49780193978861e-08
  2.1340832113473e-08
 1.72828196408164e-07
 4.08533061650814e-07
 7.00146502362466e-07
  9.6714502389745e-07
 1.14772020120137e-06
 1.23759299000564e-06
 1.28674111189004e-06
 1.34119096143857e-06
 1.39804773601172e-06
 1.42706672349733e-06
 1.42621611635085e-06
 1.43645176522814e-06
 1.46949801338923e-06
 1.45587483092841e-06
  1.2550189955006e-06
 9.00995915495163e-07
 4.47121674509017e-07
 1.76034702861645e-07
-4.72829039364417e-08
-3.29489840520162e-07
-2.46427217681426e-07
-1.68978927031544e-06
-7.65428441894454e-07
-1.24972837164014e-06
-1.21027789030611e-06
-1.16151048744037e-06
-9.51795788307076e-07
-6.75629039514222e-07
-2.89034556501274e-07
 1.69681719916502e-07
 7.03587187224103e-07
 1.23456756433585e-06
 1.71954902332716e-06
 2.07973677810989e-06
 2.23554296201175e-06
 1.77241612676944e-06
 1.23897172199037e-06
 8.44736077024829e-07
pk:

  0.0302290020020258
-0.00403080790438097
  0.0240619183492347
 0.00867150425562047
  0.0156508767261739
  0.0115343727612758
  0.0140373727062885
  0.0125910498200954
   0.013403804443656
   0.012917817698417
   0.013174522443249
   0.013003628834772
  0.0130311626555137
  0.0129047185078926
  0.0128525021306823
  0.0128182816192401
  0.0128786243528324
  0.0129678746560767
  0.0130415423898742
  0.0130202226074456
  0.0129120164281937
   0.012729476395826
  0.0126025707752867
  0.0125240640608295
  0.0125977377416487
   0.012573788568667
  0.0126927857605111
  0.0124697333678633
  0.0128873451511317
  0.0122448619343744
  0.0133075519197083
  0.0119343785154011
  0.0132400198822716
  0.0124637877358721
  0.0129462001905021
  0.0127358988530372
   0.012983455634048
  0.0129710269071982
   0.013006018655619
  0.0132458186250232
  0.0128835502140038
  0.0136386936020209
  0.0124090293246368
  0.0145472410978977
  0.0109229944705956
  0.0178758888482792
 0.00559904433843915
  0.0244593404997661
Flow iterations = 2204   Density Residual = 9.87048701209373e-15
Gradient from Adjoint:
 5.67209403952364e-06
-4.44174393037678e-09
-3.43355458730494e-07
 1.09555103371636e-06
 5.69815489069555e-07
 2.38856539728007e-08
-8.93055140431415e-08
 1.03233447207247e-09
 4.20362903293839e-09
 1.56168722640379e-08
-6.78231562992105e-08
-2.53569541692415e-07
-5.71088624391854e-07
-9.14592895667659e-07
-1.12663532567488e-06
-1.06139915515682e-06
-7.13569686800863e-07
-2.31625700337877e-07
  1.5176801512611e-07
 2.35257764851733e-07
-5.51512390628454e-08
-6.10045709598719e-07
-1.14532777799017e-06
-1.36442551816826e-06
-1.14137674935385e-06
 -7.1696526154017e-07
-3.08698441219481e-07
-1.20940369434869e-07
 1.66634292119651e-08
 2.17565707020382e-07
 1.01532205635836e-07
 1.02663303682912e-06
 3.36298985114939e-07
 7.93323134469649e-07
 6.84935070944699e-07
 6.92266584264051e-07
 6.05998539003091e-07
  4.3820395664497e-07
 1.78281239553083e-07
-1.86663891567627e-07
-6.48553809412011e-07
-1.13241930746118e-06
 -1.5691588367113e-06
-1.85884940204265e-06
-1.91920322329721e-06
-1.42767014857159e-06
-9.39196240574449e-07
 -5.9233221781119e-07
Time: 51.299555
End of Design Iteration: 7


Iteration :8    GradientNorm: 7.84677944071996e-06
Current Design:
0.979425114273495
0.996569277927353
0.985073021487061
0.994338607436681
0.987740057831055
0.990452381795409
0.98715556122573
0.987216464891414
0.984297492758459
0.982633839564754
0.979410276598942
0.976507171479955
0.972759010715935
0.969059436584518
0.965048913287048
0.961195667501317
0.957401249238265
0.953856899764613
0.950526526731671
0.947525709574067
0.944890543880464
0.942774713270057
0.941248620527172
0.940547361046371
0.940519196306678
0.941526977360481
0.942592439235739
0.945334532331139
0.94661540724296
0.951817950023246
0.952055681491072
0.960015638329498
0.959494864217615
0.967180268471497
0.968334725920173
0.973866239772341
0.976190908563237
0.979959290573107
0.982316808116579
0.98465220899673
0.986558560023587
0.987450686567941
0.989213223424161
0.988324558046952
0.991329573504424
0.986536331342677
0.995693798764468
0.981828781826864
Current Fitness: 1.57568258780835e-08
gradient:

-5.67209403952364e-06
 4.44174393037678e-09
 3.43355458730494e-07
-1.09555103371636e-06
-5.69815489069555e-07
-2.38856539728007e-08
 8.93055140431415e-08
-1.03233447207247e-09
-4.20362903293839e-09
-1.56168722640379e-08
 6.78231562992105e-08
 2.53569541692415e-07
 5.71088624391854e-07
 9.14592895667659e-07
 1.12663532567488e-06
 1.06139915515682e-06
 7.13569686800863e-07
 2.31625700337877e-07
 -1.5176801512611e-07
-2.35257764851733e-07
 5.51512390628454e-08
 6.10045709598719e-07
 1.14532777799017e-06
 1.36442551816826e-06
 1.14137674935385e-06
  7.1696526154017e-07
 3.08698441219481e-07
 1.20940369434869e-07
-1.66634292119651e-08
-2.17565707020382e-07
-1.01532205635836e-07
-1.02663303682912e-06
-3.36298985114939e-07
-7.93323134469649e-07
-6.84935070944699e-07
-6.92266584264051e-07
-6.05998539003091e-07
 -4.3820395664497e-07
-1.78281239553083e-07
 1.86663891567627e-07
 6.48553809412011e-07
 1.13241930746118e-06
  1.5691588367113e-06
 1.85884940204265e-06
 1.91920322329721e-06
 1.42767014857159e-06
 9.39196240574449e-07
  5.9233221781119e-07
pk:

  0.0154179832649404
0.000572402169107338
  0.0120817915808809
 0.00411157221285013
 0.00827032957186184
 0.00615516534034958
 0.00752292229517411
 0.00664053165500169
 0.00714766388292296
 0.00681165536616518
 0.00700152808721202
 0.00690220681648936
 0.00699757033391808
 0.00697407183627482
 0.00698137740692246
 0.00692125451756934
   0.006873752630116
 0.00682186710905387
 0.00679481784100071
 0.00676548121802728
  0.0067583116880403
  0.0067498421722039
 0.00679957802557627
 0.00679096326308725
 0.00685757624521281
 0.00665531272484583
 0.00690025293606826
 0.00634225475402845
 0.00733207678457826
  0.0056947789889252
 0.00815129233706562
 0.00494612837982722
 0.00840828698549274
 0.00537535549133086
 0.00769616703808613
 0.00618174814582819
 0.00715043425182442
 0.00665087132580136
 0.00698164016827226
 0.00697374533832085
 0.00697668121902488
 0.00737524261000514
 0.00686908714298107
 0.00798438700556161
 0.00611700888345845
 0.00965423912974188
 0.00311792231139688
  0.0130697962559977
Flow iterations = 2191   Density Residual = 9.93402030188453e-15
Gradient from Adjoint:
 1.20404824780537e-06
-5.67772129443349e-07
 1.30656407242144e-07
 8.60195391511227e-07
 1.43970756794269e-07
-5.82859543589864e-08
-2.47121878750759e-08
 4.39675667262721e-08
 2.80376626038971e-08
 5.03141289611623e-08
 3.19629961465152e-08
-2.33167404636627e-08
 -1.7145217056448e-07
-3.68883313197757e-07
-5.21439133337934e-07
 -4.9258011105816e-07
-2.32295850132958e-07
 1.69109155222764e-07
 5.06771660393862e-07
  5.8209020008458e-07
  3.2951734867228e-07
-1.20954602621841e-07
-5.03891101207505e-07
-6.13580177107882e-07
-4.50986316058985e-07
 -2.1951477126878e-07
 -5.5185766593182e-08
 1.09452327203565e-08
 4.82089348862945e-08
 1.01064818425293e-07
 1.16049058534449e-07
 4.28643443438776e-07
 2.82888900159282e-07
 3.35106705802233e-07
 3.70466153152916e-07
 3.52240030927221e-07
 2.93429749760224e-07
 2.18263322482974e-07
 9.97162830965661e-08
-5.37211522641336e-08
-2.46227702479097e-07
-4.49524989305569e-07
-6.38724760245708e-07
-7.79700094457488e-07
-8.40693625591711e-07
-6.61790480564095e-07
-4.64772124826032e-07
  -3.225406738387e-07
Time: 51.688517
End of Design Iteration: 8


Iteration :9    GradientNorm: 2.91213617177634e-06
Current Design:
0.994843097538435
0.997141680096461
0.997154813067942
0.998450179649531
0.996010387402916
0.996607547135758
0.994678483520904
0.993856996546416
0.991445156641382
0.989445494930919
0.986411804686154
0.983409378296444
0.979756581049853
0.976033508420792
0.97203029069397
0.968116922018886
0.964275001868381
0.960678766873666
0.957321344572672
0.954291190792095
0.951648855568505
0.949524555442261
0.948048198552748
0.947338324309459
0.947376772551891
0.948182290085326
0.949492692171808
0.951676787085168
0.953947484027538
0.957512729012171
0.960206973828137
0.964961766709325
0.967903151203108
0.972555623962827
0.976030892958259
0.98004798791817
0.983341342815062
0.986610161898908
0.989298448284851
0.991625954335051
0.993535241242612
0.994825929177946
0.996082310567142
0.996308945052513
0.997446582387883
0.996190570472419
0.998811721075864
0.994898578082862
Current Fitness: 2.8464329842721e-09
gradient:

-1.20404824780537e-06
 5.67772129443349e-07
-1.30656407242144e-07
-8.60195391511227e-07
-1.43970756794269e-07
 5.82859543589864e-08
 2.47121878750759e-08
-4.39675667262721e-08
-2.80376626038971e-08
-5.03141289611623e-08
-3.19629961465152e-08
 2.33167404636627e-08
  1.7145217056448e-07
 3.68883313197757e-07
 5.21439133337934e-07
  4.9258011105816e-07
 2.32295850132958e-07
-1.69109155222764e-07
-5.06771660393862e-07
 -5.8209020008458e-07
 -3.2951734867228e-07
 1.20954602621841e-07
 5.03891101207505e-07
 6.13580177107882e-07
 4.50986316058985e-07
  2.1951477126878e-07
  5.5185766593182e-08
-1.09452327203565e-08
-4.82089348862945e-08
-1.01064818425293e-07
-1.16049058534449e-07
-4.28643443438776e-07
-2.82888900159282e-07
-3.35106705802233e-07
-3.70466153152916e-07
-3.52240030927221e-07
-2.93429749760224e-07
-2.18263322482974e-07
-9.97162830965661e-08
 5.37211522641336e-08
 2.46227702479097e-07
 4.49524989305569e-07
 6.38724760245708e-07
 7.79700094457488e-07
 8.40693625591711e-07
 6.61790480564095e-07
 4.64772124826032e-07
   3.225406738387e-07
pk:

0.00508190783003562
0.00163769965666238
0.00353842928051848
0.00120901378105786
0.00301057897850098
0.00212529021205989
0.00266817800229048
0.00225936763572555
0.00252304976626023
0.00233493259504968
0.00244580366873433
0.00237821108089669
0.00245460867696722
0.00246166672313733
0.00249772619430783
0.00246227211534232
0.00240714004408817
 0.0023283129932363
0.00227489923272064
0.00225480271766859
0.00228433413766488
0.00234396278470564
0.00241509729903449
0.00243142643353225
0.00242400877698774
0.00232130733372189
0.00240269377326841
0.00220056716929549
0.00255687582831132
0.00196829748745237
 0.0028543489518709
0.00167871378250416
0.00276966508330741
0.00200736475172851
 0.0024654235052675
0.00219080406013377
0.00240757428176742
0.00230637863131094
0.00241243197049438
0.00243982094429483
 0.0024560081981971
0.00263039360047922
0.00245932032709919
 0.0028955641580083
0.00220717431198559
0.00351689121297064
0.00110615920148093
0.00472015649018606
Flow iterations = 2187   Density Residual = 9.67632486372745e-15
Gradient from Adjoint:
-6.92018230390717e-08
-2.40431233026008e-07
 2.38153222397622e-07
 2.96221425038828e-07
-9.75308915826439e-08
-1.88184917010699e-08
 2.01779397499083e-08
 3.26632956451045e-08
 7.64185800583908e-09
 1.98539938641481e-08
 1.93788413108122e-08
 2.69547754722948e-08
 1.88188606862402e-09
-5.38781682114984e-08
-1.24644064571186e-07
 -1.4329371366756e-07
-6.16951852677977e-08
 1.03271937346031e-07
 2.55238201877223e-07
 2.86813576172905e-07
 1.67583977214212e-07
-1.93878420168489e-08
-1.40712451250509e-07
-1.37372700318438e-07
 -6.4463438718826e-08
-5.61500575248459e-09
 1.52289537002175e-08
 2.28240187014202e-08
 2.43665755011415e-08
 2.48971092886037e-08
 4.28183829030942e-08
 6.78217035474914e-10
 2.44428362276715e-08
 2.77845617977176e-08
 1.78649100711728e-08
 2.74063458794296e-08
 3.38928541739839e-08
  3.3027610854619e-08
 2.60973979470273e-08
 1.07940587599952e-08
-1.29555303401332e-08
-4.25365093326662e-08
-7.57120400938843e-08
-1.10955442476744e-07
-1.46710838547661e-07
-1.40740860594534e-07
-1.20189969280183e-07
-9.95828282245794e-08
Time: 52.075091
End of Design Iteration: 9


Iteration :10    GradientNorm: 7.66238656710488e-07
Current Design:
0.999925005368471
0.998779379753123
1.00069324234846
0.999659193430589
0.999020966381417
0.998732837347818
0.997346661523195
0.996116364182142
0.993968206407642
0.991780427525969
0.988857608354888
0.985787589377341
0.98221118972682
0.97849517514393
0.974528016888278
0.970579194134228
0.966682141912469
0.963007079866903
0.959596243805393
0.956545993509763
0.95393318970617
0.951868518226967
0.950463295851783
0.949769750742991
0.949800781328879
0.950503597419048
0.951895385945076
0.953877354254463
0.95650435985585
0.959481026499624
0.963061322780008
0.966640480491829
0.970672816286415
0.974562988714556
0.978496316463527
0.982238791978303
0.985748917096829
0.988916540530219
0.991710880255345
0.994065775279346
0.995991249440809
0.997456322778425
0.998541630894242
0.999204509210522
0.999653756699868
0.99970746168539
0.999917880277345
0.999618734573048
Current Fitness: 3.11588821215364e-10
gradient:

 6.92018230390717e-08
 2.40431233026008e-07
-2.38153222397622e-07
-2.96221425038828e-07
 9.75308915826439e-08
 1.88184917010699e-08
-2.01779397499083e-08
-3.26632956451045e-08
-7.64185800583908e-09
-1.98539938641481e-08
-1.93788413108122e-08
-2.69547754722948e-08
-1.88188606862402e-09
 5.38781682114984e-08
 1.24644064571186e-07
  1.4329371366756e-07
 6.16951852677977e-08
-1.03271937346031e-07
-2.55238201877223e-07
-2.86813576172905e-07
-1.67583977214212e-07
 1.93878420168489e-08
 1.40712451250509e-07
 1.37372700318438e-07
  6.4463438718826e-08
 5.61500575248459e-09
-1.52289537002175e-08
-2.28240187014202e-08
-2.43665755011415e-08
-2.48971092886037e-08
-4.28183829030942e-08
-6.78217035474914e-10
-2.44428362276715e-08
-2.77845617977176e-08
-1.78649100711728e-08
-2.74063458794296e-08
-3.38928541739839e-08
 -3.3027610854619e-08
-2.60973979470273e-08
-1.07940587599952e-08
 1.29555303401332e-08
 4.25365093326662e-08
 7.57120400938843e-08
 1.10955442476744e-07
 1.46710838547661e-07
 1.40740860594534e-07
 1.20189969280183e-07
 9.95828282245794e-08
pk:

 0.00029176264406679
0.000848701162285263
-0.00016604272165755
4.72661536900193e-05
0.000377839796966951
0.000124589686886143
0.000262857917417954
0.000146161681790927
0.000245261212409803
0.000170633653934769
0.000220713293702407
0.000182095928257039
0.000214566871933813
0.000214311396082989
0.000242026724206533
0.000235229801707304
0.000216272232429584
0.000176438698886701
0.000147014355269346
0.000139660038414835
0.000161569890459506
0.000201593715151041
0.000230456485675954
0.000234119221034533
0.000211996037252404
0.000199430201385753
0.000194928524723335
0.000197266426132474
0.000190136623762609
0.000202815978969934
0.000182404585950941
0.000187679085751954
0.000232173881498801
0.000136761527274509
0.000246942315819492
0.000158801517704469
0.000210654187789568
0.000182255858708814
0.000201979515514534
0.000202641718651492
0.000212043155519195
0.000234466279297534
0.000224183507614666
0.000276217421292828
0.000211344544059775
0.000353851116326326
0.000109137426861374
0.000480422777014999
Flow iterations = 2186   Density Residual = 9.97609931097912e-15
Gradient from Adjoint:
-1.12060409827949e-07
-3.38274467114345e-08
 1.31260705284346e-07
 2.65058978264969e-08
 -9.1233700813019e-08
 1.57278867008693e-08
 1.23961704872871e-08
 8.38551183231841e-09
-5.13672254789368e-09
 2.12193721289067e-09
-4.81995180322899e-11
 1.19315115407479e-08
 1.79129710968092e-08
 1.52201768172979e-08
-8.26642932487889e-09
-3.15057745356281e-08
-2.85389402760726e-08
 1.00076536845735e-08
 5.38133548622325e-08
 6.08400890319473e-08
 2.21777034085197e-08
-2.34220389747619e-08
-3.12661183630062e-08
-5.12145403229388e-09
 1.60134939272846e-08
 1.69798046272747e-08
 8.88780327465853e-09
 5.71976681401693e-09
 3.36715775122213e-09
-2.10674839752503e-09
  1.0871707634224e-09
-2.26897834420864e-08
 2.47208202685932e-09
-2.23947084663656e-08
-9.58011374676199e-09
-1.32549981018023e-08
-1.20102903700153e-08
-7.14744648889807e-09
-6.04606764140843e-10
  7.9796211279144e-09
 1.73923388605177e-08
 2.53854293229666e-08
 3.00321297572822e-08
 2.81667365042669e-08
 1.69791015209877e-08
 7.04221700120602e-10
-1.04896997277708e-08
-1.53929331714848e-08
Time: 52.46127
End of Design Iteration: 10


Iteration :11    GradientNorm: 2.39316484744713e-07
Current Design:
1.00021676801254
0.999628080915408
1.0005271996268
0.999706459584279
0.999398806178384
0.998857427034704
0.997609519440613
0.996262525863932
0.994213467620052
0.991951061179903
0.989078321648591
0.985969685305598
0.982425756598754
0.978709486540013
0.974770043612485
0.970814423935936
0.966898414144899
0.96318351856579
0.959743258160662
0.956685653548178
0.954094759596629
0.952070111942118
0.950693752337459
0.950003869964026
0.950012777366131
0.950703027620434
0.952090314469799
0.954074620680596
0.956694496479612
0.959683842478594
0.963243727365959
0.966828159577581
0.970904990167914
0.97469975024183
0.978743258779346
0.982397593496008
0.985959571284619
0.989098796388928
0.99191285977086
0.994268416997997
0.996203292596328
0.997690789057723
0.998765814401856
0.999480726631814
0.999865101243928
1.00006131280172
1.00002701770421
1.00009915735006
Current Fitness: 3.96469260437417e-11
gradient:

 1.12060409827949e-07
 3.38274467114345e-08
-1.31260705284346e-07
-2.65058978264969e-08
  9.1233700813019e-08
-1.57278867008693e-08
-1.23961704872871e-08
-8.38551183231841e-09
 5.13672254789368e-09
-2.12193721289067e-09
 4.81995180322899e-11
-1.19315115407479e-08
-1.79129710968092e-08
-1.52201768172979e-08
 8.26642932487889e-09
 3.15057745356281e-08
 2.85389402760726e-08
-1.00076536845735e-08
-5.38133548622325e-08
-6.08400890319473e-08
-2.21777034085197e-08
 2.34220389747619e-08
 3.12661183630062e-08
 5.12145403229388e-09
-1.60134939272846e-08
-1.69798046272747e-08
-8.88780327465853e-09
-5.71976681401693e-09
-3.36715775122213e-09
 2.10674839752503e-09
 -1.0871707634224e-09
 2.26897834420864e-08
-2.47208202685932e-09
 2.23947084663656e-08
 9.58011374676199e-09
 1.32549981018023e-08
 1.20102903700153e-08
 7.14744648889807e-09
 6.04606764140843e-10
 -7.9796211279144e-09
-1.73923388605177e-08
-2.53854293229666e-08
-3.00321297572822e-08
-2.81667365042669e-08
-1.69791015209877e-08
-7.04221700120602e-10
 1.04896997277708e-08
 1.53929331714848e-08
pk:

-0.000221427821914142
 0.000284029307624029
-0.000398324433347071
-1.43716562329077e-05
-1.40412295411037e-05
-0.000123218105680747
-4.87828548273099e-05
-0.000103098674374591
-5.14244893880028e-05
-9.27220468527222e-05
 -6.1479163622568e-05
-8.71054974728036e-05
-7.18784822873051e-05
 -8.0251232095717e-05
-6.47898194081315e-05
-6.42877561918757e-05
-6.46908799618195e-05
-7.87404978609648e-05
-8.95399305133225e-05
-9.20212697290609e-05
-8.19192916766901e-05
-6.68120839324007e-05
-6.16578711301109e-05
-6.64299777714891e-05
-7.59086974131925e-05
  -7.138152490903e-05
-7.83814001274934e-05
-6.28347358531432e-05
-9.06283376269292e-05
-4.40767852125291e-05
-0.000115168149818544
-1.12137706355628e-05
-0.000145916684831366
 2.55962547812265e-07
-0.000129226084445472
-3.54552626949605e-05
-9.46755632491202e-05
-6.04976664775532e-05
-8.23507242820904e-05
-7.23015955209415e-05
-7.97987072665048e-05
-7.95153095779129e-05
  -7.697424755893e-05
-8.43640931400855e-05
-6.46828215290127e-05
-9.17650355011755e-05
 -2.8498687695975e-05
-0.000113888074717953
Flow iterations = 2187   Density Residual = 9.47125088466884e-15
Gradient from Adjoint:
  1.2800518037092e-09
 2.08217512800406e-08
  4.3602300241649e-08
-3.14397337120054e-08
-3.40404331546181e-08
 2.04546146829373e-08
-1.14605798182026e-09
-1.29041084430457e-09
-5.24775679290938e-09
 -8.5477822917938e-10
-4.84418952739394e-09
 2.39596698215528e-10
 5.46815111440556e-09
 1.28325189424293e-08
 9.29800502600523e-09
-2.63953721446556e-09
-1.46363034072418e-08
-1.60094416027774e-08
-1.13064431001064e-08
-1.20482098737829e-08
-1.89031005372514e-08
 -1.8285145288136e-08
-3.41532016769978e-09
 1.15062179591807e-08
 1.22927857921014e-08
 5.28443109867181e-09
-2.90692755829458e-10
-1.70358809983552e-09
-2.30944569824481e-09
 -3.9316260928174e-09
-7.20212258833973e-10
-1.42902148355398e-08
-7.66728470783899e-09
-7.09866623664257e-09
-1.11416461681347e-08
-9.25948891213181e-09
-7.50990805552309e-09
-5.74856425373041e-09
-2.64397074050109e-09
 1.33734075329208e-09
 6.41348495478543e-09
 1.15881878031601e-08
 1.60806916733108e-08
 1.86566279414314e-08
 1.81799654590076e-08
  1.2327128918747e-08
 6.69414139951722e-09
 2.99439714988635e-09
Time: 52.839394
End of Design Iteration: 11


Iteration :12    GradientNorm: 9.46948003297069e-08
Current Design:
0.999995340190624
0.999912110223033
1.00012887519346
0.999692087928046
0.999384764948843
0.998734208929023
0.997560736585785
0.996159427189558
0.994162043130664
0.991858339133051
0.989016842484968
0.985882579808125
0.982353878116467
0.978629235307917
0.974705253793076
0.970750136179744
0.966833723264937
0.963104778067929
0.959653718230149
0.956593632278449
0.954012840304952
0.952003299858185
0.950632094466328
0.949937439986254
0.949936868668718
0.950631646095525
0.952011933069672
0.954011785944743
0.956603868141986
0.959639765693381
0.963128559216141
0.966816945806945
0.970759073483083
0.974700006204378
0.978614032694901
0.982362138233313
0.98586489572137
0.98903829872245
0.991830509046578
0.994196115402476
0.996123493889062
0.997611273748145
0.998688840154297
0.999396362538674
0.999800418422399
0.999969547766215
0.999998519016511
0.999985269275345
Current Fitness: 5.8277415144091e-12
gradient:

 -1.2800518037092e-09
-2.08217512800406e-08
 -4.3602300241649e-08
 3.14397337120054e-08
 3.40404331546181e-08
-2.04546146829373e-08
 1.14605798182026e-09
 1.29041084430457e-09
 5.24775679290938e-09
  8.5477822917938e-10
 4.84418952739394e-09
-2.39596698215528e-10
-5.46815111440556e-09
-1.28325189424293e-08
-9.29800502600523e-09
 2.63953721446556e-09
 1.46363034072418e-08
 1.60094416027774e-08
 1.13064431001064e-08
 1.20482098737829e-08
 1.89031005372514e-08
  1.8285145288136e-08
 3.41532016769978e-09
-1.15062179591807e-08
-1.22927857921014e-08
-5.28443109867181e-09
 2.90692755829458e-10
 1.70358809983552e-09
 2.30944569824481e-09
  3.9316260928174e-09
 7.20212258833973e-10
 1.42902148355398e-08
 7.66728470783899e-09
 7.09866623664257e-09
 1.11416461681347e-08
 9.25948891213181e-09
 7.50990805552309e-09
 5.74856425373041e-09
 2.64397074050109e-09
-1.33734075329208e-09
-6.41348495478543e-09
-1.15881878031601e-08
-1.60806916733108e-08
-1.86566279414314e-08
-1.81799654590076e-08
 -1.2327128918747e-08
-6.69414139951722e-09
-2.99439714988635e-09
pk:

-5.20463338504689e-05
 6.50914517593725e-05
-0.000139817613418611
 3.76065737727256e-05
 8.34574007765103e-07
-5.15000847855644e-05
 3.84116350927374e-06
-3.49884542731949e-05
-2.67513000063229e-06
-2.94740889210689e-05
-7.97681922305127e-06
-2.45856926785601e-05
-1.50754539628877e-05
-2.44173329942157e-05
-1.70675989929132e-05
-1.71038595361741e-05
-1.29461759341421e-05
-1.63640430859417e-05
-1.86815465275725e-05
-1.94894168947985e-05
-1.61735928051752e-05
-1.31599061455273e-05
-1.54417214743684e-05
 -1.9252490304316e-05
-2.10377882826122e-05
-1.61236328463514e-05
-2.11222686107925e-05
-1.01356542078402e-05
-2.95858712220291e-05
 2.48674754628383e-06
-4.34504041027382e-05
 1.06255787959731e-05
-3.13883844070198e-05
-1.17456549041432e-05
-1.43820929637426e-05
-1.67934907853431e-05
-1.59535797463677e-05
-1.65214156568316e-05
-1.76825494149102e-05
 -1.8385731663074e-05
 -1.9857413364017e-05
-2.19100475807467e-05
 -2.1618100679464e-05
-2.53521121205211e-05
-1.95346250605491e-05
-2.82274688670179e-05
-8.83674906045388e-06
-3.30914361271005e-05
Flow iterations = 2187   Density Residual = 9.46216485712535e-15
Gradient from Adjoint:
 1.87749649203175e-08
 1.32118608686567e-08
 7.68369834805224e-09
-2.06468021738616e-08
-2.36203965764726e-09
 1.12525560409243e-08
-5.68866215415202e-09
-1.05898189766374e-09
-1.99947941440928e-09
 3.89734567410672e-10
-2.78528894239747e-09
-1.55924220290739e-09
-7.75885713161803e-10
 4.10956812581011e-09
 5.75923561509006e-09
 2.83594568316367e-09
-4.54962748149307e-09
-1.05684258399588e-08
 -1.3689238349056e-08
 -1.5169320878565e-08
-1.39404126357429e-08
-7.01619988185245e-09
 2.42929175211625e-09
 6.07021339438458e-09
 3.01233593257411e-09
-4.25345546306961e-10
-1.48273381301675e-09
-1.65086144021784e-09
-1.41004335434362e-09
-8.63557829907333e-10
-2.52085197820089e-09
 1.80116633915784e-10
-9.76778209422856e-10
-2.28772137732761e-09
 -5.6294997348464e-10
-1.43585988527191e-09
-1.53176947631867e-09
-1.35137753033826e-09
-1.11196285746975e-09
-6.45425122794979e-10
-6.21732583329917e-13
 8.01459494613495e-10
 1.70260237729791e-09
 2.67374878832383e-09
 3.65243968987624e-09
 3.52690787078124e-09
 2.92184839959902e-09
 2.19641196977431e-09
Time: 53.217256
End of Design Iteration: 12


Iteration :13    GradientNorm: 4.66351039306954e-08
Current Design:
0.999943293856773
0.999977201674792
0.999989057580037
0.999729694501818
0.999385599522851
0.998682708844238
0.997564577749295
0.996124438735285
0.994159368000663
0.991828865044129
0.989008865665745
0.985857994115447
0.982338802662504
0.978604817974923
0.974688186194083
0.970733032320208
0.966820777089003
0.963088414024843
0.959635036683621
0.956574142861554
0.953996666712147
0.95199013995204
0.950616652744854
0.94991818749595
0.949915830880435
0.950615522462679
0.951990810801061
0.954001650290535
0.956574282270763
0.959642252440927
0.963085108812038
0.966827571385741
0.970727685098676
0.974688260549474
0.978599650601937
0.982345344742527
0.985848942141623
0.989021777306794
0.991812826497163
0.994177729670813
0.996103636475698
0.997589363700564
0.998667222053618
0.999371010426554
0.999780883797338
0.999941320297348
0.99998968226745
0.999952177839218
Current Fitness: 1.02173723175957e-12
gradient:

-1.87749649203175e-08
-1.32118608686567e-08
-7.68369834805224e-09
 2.06468021738616e-08
 2.36203965764726e-09
-1.12525560409243e-08
 5.68866215415202e-09
 1.05898189766374e-09
 1.99947941440928e-09
-3.89734567410672e-10
 2.78528894239747e-09
 1.55924220290739e-09
 7.75885713161803e-10
-4.10956812581011e-09
-5.75923561509006e-09
-2.83594568316367e-09
 4.54962748149307e-09
 1.05684258399588e-08
  1.3689238349056e-08
  1.5169320878565e-08
 1.39404126357429e-08
 7.01619988185245e-09
-2.42929175211625e-09
-6.07021339438458e-09
-3.01233593257411e-09
 4.25345546306961e-10
 1.48273381301675e-09
 1.65086144021784e-09
 1.41004335434362e-09
 8.63557829907333e-10
 2.52085197820089e-09
-1.80116633915784e-10
 9.76778209422856e-10
 2.28772137732761e-09
  5.6294997348464e-10
 1.43585988527191e-09
 1.53176947631867e-09
 1.35137753033826e-09
 1.11196285746975e-09
 6.45425122794979e-10
 6.21732583329917e-13
-8.01459494613495e-10
-1.70260237729791e-09
-2.67374878832383e-09
-3.65243968987624e-09
-3.52690787078124e-09
-2.92184839959902e-09
-2.19641196977431e-09
pk:

  3.0364414028238e-05
  1.3881471670349e-05
-1.71325413560621e-05
 4.33555179776475e-05
 1.57778724863311e-05
-3.37887255289695e-06
 3.12333964345793e-05
 3.04205305515829e-06
 2.45834857415334e-05
 6.53861018938843e-06
 2.13781197399862e-05
 1.03298790640187e-05
 1.77273062379005e-05
 1.04078413574038e-05
 1.42392045664273e-05
  1.2841772000774e-05
 1.64618850987837e-05
 1.57857514427793e-05
 1.60323541037533e-05
  1.5635328952733e-05
 1.65825446119588e-05
 1.59822439205857e-05
  1.3714094376618e-05
 1.18766258558198e-05
 1.33402105797312e-05
 1.38187941417548e-05
  1.4616281236438e-05
 1.34961555783958e-05
 1.56036900688599e-05
 1.23586603188743e-05
 1.61453356813522e-05
 1.52930934957742e-05
 1.03079959940161e-05
 2.16776454869504e-05
 8.38241908018383e-06
 1.96171119132499e-05
 1.22409328888484e-05
 1.67302611625725e-05
 1.37708377663672e-05
 1.53983750001615e-05
 1.35971765422539e-05
 1.45400348617265e-05
 1.25159754094846e-05
  1.4459313193314e-05
 1.05320018538293e-05
 1.75122137775559e-05
 5.07043857761001e-06
 2.50060702135987e-05
Flow iterations = 2187   Density Residual = 9.70767508744913e-15
Gradient from Adjoint:
 7.42534572481606e-09
  2.0927241006118e-09
-1.62075020081789e-09
-5.62533122240512e-09
 5.87646421169826e-09
 2.56560764340231e-09
-4.23559756887639e-09
 7.34546056634846e-10
 -2.5430977471089e-10
  8.3462343788101e-10
 -7.5355802781119e-10
-5.32285373934763e-10
-1.71014825176801e-09
-9.42221213094442e-11
 1.52380639141797e-09
 2.46295499623704e-09
 4.44121994530711e-10
-2.63365150147532e-09
-5.16242473281816e-09
 -5.8942515724208e-09
-3.98853759293996e-09
-6.81546565534165e-11
 2.37676548455563e-09
 1.23179884767197e-09
 -7.1395181224273e-10
-1.08692477082516e-09
-6.28134024103309e-10
-3.50584937124149e-10
-1.58831577854752e-10
-5.16128350088134e-12
 3.40385255060035e-10
 1.40354865670056e-09
 1.06798513018762e-10
 1.89151715772701e-09
 7.07777555066515e-10
 1.07592274419769e-09
  8.7360639923032e-10
 5.10030779590043e-10
 9.96699521537331e-11
-4.44125992648409e-10
-1.05476190302873e-09
-1.63076621957118e-09
-2.05751625693562e-09
-2.15796399788494e-09
   -1.76979418738e-09
-8.75529982346348e-10
-1.74430158069429e-10
 1.69108390003825e-10
Time: 53.595742
End of Design Iteration: 13


Iteration :14    GradientNorm: 1.68919788359696e-08
Current Design:
0.999973658270801
0.999991083146462
0.999971925038681
0.999773050019796
0.999401377395337
0.998679329971685
0.997595811145729
0.99612748078834
0.994183951486404
0.991835403654319
0.989030243785485
0.985868323994511
0.982356529968742
0.97861522581628
0.97470242539865
0.970745874092208
0.966837238974102
0.963104199776285
0.959651069037725
0.956589778190507
0.954013249256759
0.95200612219596
0.950630366839231
0.949930064121805
0.949929171091015
0.950629341256821
0.952005427082297
0.954015146446113
0.956589885960832
0.959654611101246
0.96310125414772
0.966842864479237
0.97073799309467
0.974709938194961
0.978608033021017
0.982364961854441
0.985861183074512
0.989038507567956
0.991826597334929
0.994193128045813
0.99611723365224
0.997603903735426
0.998679738029027
0.999385469739747
0.999791415799192
0.999958832511126
0.999994752706028
0.999977183909431
Current Fitness: 1.55571297580739e-13
gradient:

-7.42534572481606e-09
 -2.0927241006118e-09
 1.62075020081789e-09
 5.62533122240512e-09
-5.87646421169826e-09
-2.56560764340231e-09
 4.23559756887639e-09
-7.34546056634846e-10
  2.5430977471089e-10
 -8.3462343788101e-10
  7.5355802781119e-10
 5.32285373934763e-10
 1.71014825176801e-09
 9.42221213094442e-11
-1.52380639141797e-09
-2.46295499623704e-09
-4.44121994530711e-10
 2.63365150147532e-09
 5.16242473281816e-09
  5.8942515724208e-09
 3.98853759293996e-09
 6.81546565534165e-11
-2.37676548455563e-09
-1.23179884767197e-09
  7.1395181224273e-10
 1.08692477082516e-09
 6.28134024103309e-10
 3.50584937124149e-10
 1.58831577854752e-10
 5.16128350088134e-12
-3.40385255060035e-10
-1.40354865670056e-09
-1.06798513018762e-10
-1.89151715772701e-09
-7.07777555066515e-10
-1.07592274419769e-09
 -8.7360639923032e-10
-5.10030779590043e-10
-9.96699521537331e-11
 4.44125992648409e-10
 1.05476190302873e-09
 1.63076621957118e-09
 2.05751625693562e-09
 2.15796399788494e-09
    1.76979418738e-09
 8.75529982346348e-10
 1.74430158069429e-10
-1.69108390003825e-10
pk:

2.37468032116641e-05
3.99631070716277e-06
7.12679654666383e-06
2.11907825666673e-05
5.43703713352831e-06
7.01526150276367e-06
1.84819279187113e-05
4.90797758540471e-06
1.57929818982879e-05
6.62451804982892e-06
1.43441204122342e-05
8.45006986873397e-06
1.31761045517941e-05
9.16904311601852e-06
1.10741703957778e-05
 9.3776677317386e-06
1.12273118615036e-05
 1.1068848055671e-05
1.17573829793429e-05
1.15711901576433e-05
1.16419230842661e-05
1.07482074649746e-05
9.79536961303861e-06
9.89876418095439e-06
 1.0687231432468e-05
 1.0574922137474e-05
1.06438153653678e-05
1.04555607108574e-05
1.07786689454096e-05
1.01142105490352e-05
1.18254436468192e-05
7.72316642441903e-06
1.49702733713743e-05
5.46159784349661e-06
1.49570031827718e-05
7.64318702748229e-06
1.25244990999138e-05
9.75070953083981e-06
1.14562134894561e-05
1.07468588015879e-05
1.11133114488189e-05
1.14423924096206e-05
1.07111690330559e-05
 1.2284062955022e-05
9.28310074776179e-06
1.46024277003163e-05
4.42346817328131e-06
1.95791627757514e-05
Flow iterations = 2187   Density Residual = 9.12238426038442e-15
Gradient from Adjoint:
 4.39015235659171e-10
-9.13067545174765e-10
-1.12192508452272e-09
-9.08502604947607e-11
  3.6184846557922e-09
-7.36206859732174e-10
-1.61393237761262e-09
 1.15372552829636e-09
-1.04008218418167e-10
 4.82057713169466e-10
-1.06304708789729e-10
 1.91241227610791e-10
-8.77486302694439e-10
-6.57658249488373e-10
-1.32155263780414e-10
 1.04975026386122e-09
 1.06682353081472e-09
 2.78265626610572e-10
-7.06023360094389e-10
-8.98803557423922e-10
 5.01987185677009e-11
 1.22600466510935e-09
 9.99365661635207e-10
-3.04348348227254e-10
-7.99395988135588e-10
-4.33037094071334e-10
-3.40009431827663e-11
 7.27483917089608e-11
 1.26205262850855e-10
 3.24181635370341e-10
-4.12042022213536e-11
 9.26908257335559e-10
 4.69075044316964e-10
  3.0415375295451e-10
 7.17378483969621e-10
 5.42016264710478e-10
 4.80796306151175e-10
 3.84487278373527e-10
 1.80380683687176e-10
-7.82969761420338e-11
-4.13399749864718e-10
-7.57971889244283e-10
-1.06895683609426e-09
-1.27286305963504e-09
-1.30207496426279e-09
-9.51325104156098e-10
-5.89019236275536e-10
-3.38520799228277e-10
Time: 53.980077
End of Design Iteration: 14


Iteration :15    GradientNorm: 6.12537775640565e-09
Current Design:
0.999997405074013
0.999995079457169
0.999979051835227
0.999794240802363
0.999406814432471
0.998686345233188
0.997614293073648
0.996132388765925
0.994199744468303
0.991842028172369
0.989044587905898
0.985876774064379
0.982369706073294
0.978624394859396
0.974713499569046
0.97075525175994
0.966848466285963
0.963115268624341
0.959662826420704
0.956601349380664
0.954024891179843
0.952016870403425
0.950640162208844
0.949939962885986
0.949939858322448
0.950639916178958
0.952016070897663
0.954025602006824
0.956600664629778
0.959664725311795
0.963113079591366
0.966850587645662
0.970752963368041
0.974715399792805
0.9786229900242
0.982372605041468
0.985873707573612
0.989048258277487
0.991838053548419
0.994203874904615
0.996128346963689
0.997615346127835
0.99869044919806
0.999397753802702
0.99980069889994
0.999973434938826
0.999999176174201
0.999996763072207
Current Fitness: 2.67583476826667e-14
gradient:

-4.39015235659171e-10
 9.13067545174765e-10
 1.12192508452272e-09
 9.08502604947607e-11
 -3.6184846557922e-09
 7.36206859732174e-10
 1.61393237761262e-09
-1.15372552829636e-09
 1.04008218418167e-10
-4.82057713169466e-10
 1.06304708789729e-10
-1.91241227610791e-10
 8.77486302694439e-10
 6.57658249488373e-10
 1.32155263780414e-10
-1.04975026386122e-09
-1.06682353081472e-09
-2.78265626610572e-10
 7.06023360094389e-10
 8.98803557423922e-10
-5.01987185677009e-11
-1.22600466510935e-09
-9.99365661635207e-10
 3.04348348227254e-10
 7.99395988135588e-10
 4.33037094071334e-10
 3.40009431827663e-11
-7.27483917089608e-11
-1.26205262850855e-10
-3.24181635370341e-10
 4.12042022213536e-11
-9.26908257335559e-10
-4.69075044316964e-10
 -3.0415375295451e-10
-7.17378483969621e-10
-5.42016264710478e-10
-4.80796306151175e-10
-3.84487278373527e-10
-1.80380683687176e-10
 7.82969761420338e-11
 4.13399749864718e-10
 7.57971889244283e-10
 1.06895683609426e-09
 1.27286305963504e-09
 1.30207496426279e-09
 9.51325104156098e-10
 5.89019236275536e-10
 3.38520799228277e-10
pk:

 5.40581895545114e-06
 2.81978947421215e-06
 9.86685433887324e-07
 6.72309269477656e-06
 -2.2499062771007e-06
 3.84909835254701e-06
 4.94109254630934e-06
-2.21056099087121e-07
 5.06957028591204e-06
 4.48718108058694e-07
 4.44561140703222e-06
 1.12334441079575e-06
 4.07267824642581e-06
 1.90871003312021e-06
 3.16940546242811e-06
 1.80431893398175e-06
 2.69851745800483e-06
 2.46437514773918e-06
 2.97834926955254e-06
 2.84167805291445e-06
  2.8194788456393e-06
 2.30616565330431e-06
 2.19547288842341e-06
 2.56508228454464e-06
 2.85218166829775e-06
 2.43391944454239e-06
  2.8828304542009e-06
 1.95820996980156e-06
 3.57695267529896e-06
 9.77268261146367e-07
 4.51223856153444e-06
 6.89978377354656e-07
 3.37706527066885e-06
 2.54536905382567e-06
 2.08317412009725e-06
 2.85315805437073e-06
 2.31077100159241e-06
 2.66241136815866e-06
  2.5453447393555e-06
 2.73039823898781e-06
 2.71633185381123e-06
 2.97682413779818e-06
 2.79369578331117e-06
  3.3038218957762e-06
 2.50372326654315e-06
 3.90266335928874e-06
 1.20420601490089e-06
 5.03433543409974e-06
Flow iterations = 2186   Density Residual = 9.95231893730937e-15
Gradient from Adjoint:
-1.20330004284956e-09
-6.84675945429934e-10
-5.56939486238467e-11
 6.19230879648371e-10
 9.75870446027415e-10
-1.01620491988089e-09
-9.04182243083501e-11
 7.07119548774689e-10
 -2.3000516115698e-10
 1.72210552564909e-10
-2.36383266248246e-11
 3.11630608669029e-10
-2.19546698353476e-10
-2.94168101173327e-10
-3.91188859055198e-10
 1.93748192922853e-10
 5.07694501624996e-10
 5.51870679163276e-10
 3.52476956317678e-10
 3.58438856115873e-10
 6.36387389738493e-10
 6.82165179393855e-10
 1.19742139801392e-10
-3.82681559970882e-10
-2.73330254799477e-10
 -1.2774957824809e-11
 7.98312105757082e-11
 1.02646201349487e-10
 9.58781266976391e-11
 3.89017600086636e-11
 1.77722972073568e-10
 2.24986478254307e-11
  9.0737749065808e-11
 1.80183659781296e-10
 6.00043299308648e-11
  1.1665345193783e-10
  1.0134026620008e-10
 8.69262173633252e-11
 7.32238341064472e-11
  4.3679635378123e-11
 2.00181306789045e-12
 -5.2854191982085e-11
 -1.1749878061568e-10
-1.92343588275186e-10
-2.74957812622731e-10
-2.75781165921299e-10
-2.36834445484278e-10
  -1.844459103845e-10
Time: 54.366532
End of Design Iteration: 15


Iteration :16    GradientNorm: 2.76786732700007e-09
Current Design:
1.00000281089297
0.999997899246644
0.999980038520661
0.999800963895058
0.999404564526194
0.99869019433154
0.997619234166194
0.996132167709826
0.994204814038589
0.991842476890477
0.989049033517305
0.98587789740879
0.98237377875154
0.978626303569429
0.974716668974508
0.970757056078874
0.966851164803421
0.963117732999489
0.959665804769974
0.956604191058717
0.954027710658689
0.952019176569079
0.950642357681732
0.949942527968271
0.949942710504116
0.950642350098403
0.952018953728117
0.954027560216794
0.956604241582453
0.959665702580057
0.963117591829928
0.966851277624039
0.970756340433312
0.974717945161859
0.97862507319832
0.982375458199523
0.985876018344614
0.989050920688855
0.991840598893158
0.994206605302854
0.996131063295542
0.997618322951973
0.998693242893844
0.999401057624598
0.999803202623206
0.999977337602185
1.00000038038022
1.00000179740764
Current Fitness: 4.72688066157033e-15
gradient:

 1.20330004284956e-09
 6.84675945429934e-10
 5.56939486238467e-11
-6.19230879648371e-10
-9.75870446027415e-10
 1.01620491988089e-09
 9.04182243083501e-11
-7.07119548774689e-10
  2.3000516115698e-10
-1.72210552564909e-10
 2.36383266248246e-11
-3.11630608669029e-10
 2.19546698353476e-10
 2.94168101173327e-10
 3.91188859055198e-10
-1.93748192922853e-10
-5.07694501624996e-10
-5.51870679163276e-10
-3.52476956317678e-10
-3.58438856115873e-10
-6.36387389738493e-10
-6.82165179393855e-10
-1.19742139801392e-10
 3.82681559970882e-10
 2.73330254799477e-10
  1.2774957824809e-11
-7.98312105757082e-11
-1.02646201349487e-10
-9.58781266976391e-11
-3.89017600086636e-11
-1.77722972073568e-10
-2.24986478254307e-11
 -9.0737749065808e-11
-1.80183659781296e-10
-6.00043299308648e-11
 -1.1665345193783e-10
 -1.0134026620008e-10
-8.69262173633252e-11
-7.32238341064472e-11
 -4.3679635378123e-11
-2.00181306789045e-12
  5.2854191982085e-11
  1.1749878061568e-10
 1.92343588275186e-10
 2.74957812622731e-10
 2.75781165921299e-10
 2.36834445484278e-10
   1.844459103845e-10
pk:

-1.46472927284886e-06
 1.59557493964983e-06
-2.26737662085656e-06
 1.17547165881266e-06
 -3.0789948837744e-06
 1.24762986773264e-06
-4.88060544217545e-07
-1.60705512824679e-06
 6.32472658451732e-07
-1.58655457476721e-06
 4.20060281600698e-07
-1.42803964108734e-06
 2.49590693637285e-07
-9.23865586970461e-07
-2.79968406583993e-08
-9.03658454921949e-07
-4.51221477032973e-07
-7.15943679053693e-07
-4.21185191377972e-07
-5.25567719418896e-07
-5.26090616091004e-07
 -7.0805945529202e-07
 -5.8945947410459e-07
-3.46941638861616e-07
-4.44695113465446e-07
-4.78417634795223e-07
-5.48401092594926e-07
-4.40274808871894e-07
-6.37312892112643e-07
-3.46264469351525e-07
-6.48614915876379e-07
-5.87002788474805e-07
-2.60898398688085e-07
-9.85269807841402e-07
-1.29910637597382e-07
  -8.700214778245e-07
 -3.5053547517158e-07
-6.68152001698053e-07
-4.63911320968637e-07
-5.70746281658685e-07
-4.64713936432378e-07
-5.03646342572707e-07
 -4.1202566853869e-07
-4.68349716324766e-07
-3.28148265519984e-07
-5.49119106855507e-07
-1.42036752293694e-07
-8.04560735231321e-07
Flow iterations = 2187   Density Residual = 9.32652370181609e-15
Gradient from Adjoint:
-3.88320709566619e-10
-6.03406561876201e-11
 2.04898637031392e-10
  2.0829166242896e-10
  -7.380030140253e-11
-4.79654840905621e-10
 3.01253389974958e-10
 1.94847041128902e-10
-2.15702016362367e-10
 5.46800713344979e-11
-5.72847080794304e-11
 1.71153679794035e-10
-3.64950141642547e-12
-2.12512539697627e-11
 -2.4677195763936e-10
 -9.3066127804106e-11
 5.00125630387547e-11
 2.03537620364382e-10
 2.27783725082381e-10
 2.62646095485481e-10
 2.79704035944652e-10
 1.11147862835562e-10
-1.59620313245498e-10
-1.77119929223255e-10
-1.16701244943159e-11
 5.08555498643951e-11
 3.21802546462081e-11
 1.86216310579966e-11
 7.81149513014013e-12
 5.54084627259676e-12
-1.42714965982054e-11
 -9.7651940784508e-11
-1.15449442902288e-11
-1.10154607841586e-10
-4.93089875190595e-11
-6.69759615435739e-11
-4.81403736863901e-11
-2.70523554783247e-11
-3.22783169333174e-12
 2.85115843324836e-11
 6.38242680557556e-11
 9.62057990740048e-11
 1.18326022190146e-10
 1.18710657574235e-10
  8.6825165382674e-11
 2.96815938734558e-11
-1.25378050657628e-11
 -3.1433854530398e-11
Time: 54.745282
End of Design Iteration: 16


Iteration :17    GradientNorm: 1.07534557683717e-09
Current Design:
1.0000013461637
0.999999494821583
0.99997777114404
0.999802139366716
0.99940148553131
0.998691441961408
0.99761874610565
0.996130560654698
0.994205446511247
0.991840890335902
0.989049453577586
0.985876469369149
0.982374028342234
0.978625379703842
0.974716640977668
0.970756152420419
0.966850713581944
0.96311701705581
0.959665383584782
0.956603665490998
0.954027184568073
0.952018468509623
0.950641768222258
0.949942181026632
0.949942265809002
0.950641871680768
0.952018405327024
0.954027119941985
0.956603604269561
0.959665356315587
0.963116943215012
0.96685069062125
0.970756079534913
0.974716959892051
0.978624943287682
0.982374588178045
0.985875667809138
0.989050252536853
0.991840134981837
0.994206034556572
0.996130598581606
0.997617819305631
0.998692830868175
0.999400589274882
0.999802874474941
0.999976788483078
1.00000023834346
1.00000099284691
Current Fitness: 8.07032201265626e-16
gradient:

 3.88320709566619e-10
 6.03406561876201e-11
-2.04898637031392e-10
 -2.0829166242896e-10
   7.380030140253e-11
 4.79654840905621e-10
-3.01253389974958e-10
-1.94847041128902e-10
 2.15702016362367e-10
-5.46800713344979e-11
 5.72847080794304e-11
-1.71153679794035e-10
 3.64950141642547e-12
 2.12512539697627e-11
  2.4677195763936e-10
  9.3066127804106e-11
-5.00125630387547e-11
-2.03537620364382e-10
-2.27783725082381e-10
-2.62646095485481e-10
-2.79704035944652e-10
-1.11147862835562e-10
 1.59620313245498e-10
 1.77119929223255e-10
 1.16701244943159e-11
-5.08555498643951e-11
-3.21802546462081e-11
-1.86216310579966e-11
-7.81149513014013e-12
-5.54084627259676e-12
 1.42714965982054e-11
  9.7651940784508e-11
 1.15449442902288e-11
 1.10154607841586e-10
 4.93089875190595e-11
 6.69759615435739e-11
 4.81403736863901e-11
 2.70523554783247e-11
 3.22783169333174e-12
-2.85115843324836e-11
-6.38242680557556e-11
-9.62057990740048e-11
-1.18326022190146e-10
-1.18710657574235e-10
 -8.6825165382674e-11
-2.96815938734558e-11
 1.25378050657628e-11
  3.1433854530398e-11
pk:

-1.37117251896236e-06
 5.04542839470222e-07
-1.53674083830234e-06
 3.73291654878863e-08
-1.40121167673164e-06
 3.95781350368755e-07
-1.03416502491767e-06
-7.84854494530543e-07
-9.93392728435866e-08
-1.04594863642299e-06
-9.97147129753559e-08
-1.04341915340307e-06
-1.99543978719471e-07
-8.34159840118062e-07
-2.55273205825691e-07
-7.29789943418703e-07
-4.76131938393174e-07
-6.86298709873052e-07
-5.34175855799729e-07
 -6.1228470139229e-07
 -5.8806668578158e-07
-6.30829337505169e-07
-5.10760403264048e-07
-4.80371730942576e-07
-5.60214291616402e-07
-5.51548873280783e-07
-5.58921019490992e-07
-5.45338796481757e-07
-5.69085680062939e-07
-5.16909731005538e-07
-6.49206556207908e-07
-3.64218547051564e-07
-8.05348658869254e-07
-2.76196184866043e-07
-7.83452255345556e-07
-3.92360716670781e-07
-6.63789376414091e-07
-5.06206347657984e-07
-6.03717259189973e-07
-5.61826360373009e-07
 -5.8464661435863e-07
-5.99595597838731e-07
-5.62773656889734e-07
-6.41983119799052e-07
 -4.8432852100949e-07
-7.54027367039766e-07
-2.25677943926058e-07
-1.00191495697573e-06
Flow iterations = 2187   Density Residual = 9.42709108340507e-15
Gradient from Adjoint:
 3.13713035917577e-11
 9.39201422547411e-11
 1.01106463742202e-10
-2.47905038774095e-11
-1.58199992982894e-10
-9.92757618762674e-11
 2.04676822720418e-10
-3.68469296823162e-11
-1.01235359221811e-10
 4.04851293396419e-11
-5.48878794548441e-11
   5.541976955626e-11
 1.23502278652485e-11
 5.86668319123502e-11
-9.01151515412912e-11
  -8.195196331727e-11
-7.12960871377754e-11
 1.21344162332349e-11
 4.77404906500631e-11
 6.74315429114183e-11
 3.64791623411419e-11
-6.65993996297863e-11
-1.18804715771413e-10
-3.32023405937868e-11
 3.51466177623462e-11
 2.26215292258019e-11
-2.06048134586088e-12
-7.85871115982012e-12
-9.42900710685364e-12
 -2.1065583509221e-11
-2.24838914670234e-12
-5.23929688801611e-11
-2.55482061182569e-11
-2.63727824018089e-11
-4.04590883504383e-11
-3.38773503740758e-11
-3.15825020527717e-11
-2.46660269998356e-11
-1.19068446410782e-11
 4.10472147841563e-12
 2.43903941059048e-11
 4.49328339725093e-11
 6.30430519350615e-11
 7.40933121808415e-11
 7.37181589327851e-11
 5.15230842425153e-11
 2.91743929060733e-11
 1.36981262091876e-11
Time: 55.134934
End of Design Iteration: 17


Iteration :18    GradientNorm: 4.47679574434785e-10
Current Design:
0.999999974991177
0.999999999364423
0.999976234403202
0.999802176695882
0.999400084319633
0.998691837742758
0.997617711940625
0.996129775800203
0.994205347171974
0.991839844387266
0.989049353862873
0.985875425949996
0.982373828798255
0.978624545544002
0.974716385704462
0.970755422630476
0.966850237450006
0.9631163307571
0.959664849408926
0.956603053206296
0.954026596501387
0.952017837680286
0.950641257461855
0.949941700654901
0.949941705594711
0.950641320131895
0.952017846406005
0.954026574603189
0.956603035183881
0.959664839405856
0.963116294008456
0.966850326402703
0.970755274186254
0.974716683695866
0.978624159835427
0.982374195817328
0.985875004019762
0.989049746330506
0.991839531264578
0.994205472730212
0.996130013934992
0.997617219710033
0.998692268094518
0.999399947291762
0.99980239014642
0.999976034455711
1.00000001266552
0.999999990931949
Current Fitness: 1.46812458656502e-16
gradient:

-3.13713035917577e-11
-9.39201422547411e-11
-1.01106463742202e-10
 2.47905038774095e-11
 1.58199992982894e-10
 9.92757618762674e-11
-2.04676822720418e-10
 3.68469296823162e-11
 1.01235359221811e-10
-4.04851293396419e-11
 5.48878794548441e-11
  -5.541976955626e-11
-1.23502278652485e-11
-5.86668319123502e-11
 9.01151515412912e-11
   8.195196331727e-11
 7.12960871377754e-11
-1.21344162332349e-11
-4.77404906500631e-11
-6.74315429114183e-11
-3.64791623411419e-11
 6.65993996297863e-11
 1.18804715771413e-10
 3.32023405937868e-11
-3.51466177623462e-11
-2.26215292258019e-11
 2.06048134586088e-12
 7.85871115982012e-12
 9.42900710685364e-12
  2.1065583509221e-11
 2.24838914670234e-12
 5.23929688801611e-11
 2.55482061182569e-11
 2.63727824018089e-11
 4.04590883504383e-11
 3.38773503740758e-11
 3.15825020527717e-11
 2.46660269998356e-11
 1.19068446410782e-11
-4.10472147841563e-12
-2.43903941059048e-11
-4.49328339725093e-11
-6.30430519350615e-11
-7.40933121808415e-11
-7.37181589327851e-11
-5.15230842425153e-11
-2.91743929060733e-11
-1.36981262091876e-11
pk:

-2.27904101434077e-07
 4.95993249854389e-08
-3.60672082890417e-07
 6.84873260996684e-08
-2.61377980782326e-07
 2.46302502251205e-07
-4.28647116865682e-07
-3.55759103347854e-08
 5.43184175375476e-08
-3.10164500107751e-07
 1.36718244818049e-07
-3.31334277410251e-07
 8.77664431129608e-08
-2.76702723470889e-07
 7.16559153766499e-08
-1.81593637625703e-07
-1.91321559004482e-08
-1.59109378049494e-07
 -7.5632936437004e-08
 -1.2942530066451e-07
-1.04152101525592e-07
-1.08378036874804e-07
-5.07178346132542e-08
-8.59211751403542e-08
-1.14699999761883e-07
-8.76651863117851e-08
-1.13417375261496e-07
-6.08504940546392e-08
-1.52354223062157e-07
-6.37057741157869e-09
-2.04560231437137e-07
  1.9450023737704e-08
-1.64320721835509e-07
-5.84243168351978e-08
-9.74324626402037e-08
  -8.953962891228e-08
  -9.014578329742e-08
-9.19679081219626e-08
-9.68487972589861e-08
-1.00220378983548e-07
 -1.0556454523463e-07
-1.15192495357445e-07
-1.11618417633438e-07
-1.31026068230856e-07
-1.00392828695767e-07
 -1.4975260127352e-07
-4.70299571115278e-08
-1.82671985904557e-07
Flow iterations = 2187   Density Residual = 9.32625355518085e-15
Gradient from Adjoint:
 9.74553798088253e-11
 5.56511757062768e-11
 1.18921078755439e-11
 -4.7104890515936e-11
-5.24308136913795e-11
 2.37170206439454e-11
 6.57773041215003e-11
-6.98370170168152e-11
 -1.4230026476277e-11
 3.05387678257949e-11
-3.40992860246168e-11
 7.68388458181108e-12
-6.16135798281976e-12
 4.77117285200917e-11
-1.62212741003261e-11
-2.49239747452843e-11
-5.28148383230735e-11
-2.40778147689503e-11
-9.46390281241983e-12
  -2.754472960752e-12
-2.46341728016244e-11
-5.76479375074726e-11
-3.84063631006131e-11
  1.2727748212337e-11
 1.78912167974584e-11
 1.34214282423852e-13
 -6.6940559244109e-12
-7.61675823994223e-12
-6.77026405701221e-12
-3.39900942710326e-12
-8.77294242520971e-12
-3.09322603918797e-12
-6.61949383013377e-12
-6.61037382432144e-12
-4.99400818533024e-12
-6.44359149175954e-12
-5.43429366361244e-12
   -5.18745925722e-12
-4.58147442371373e-12
-3.18810764421246e-12
-1.05586767235769e-12
 1.81185512111642e-12
 5.30264792923726e-12
 9.50436644504766e-12
 1.43223642697533e-11
 1.47559804549757e-11
 1.27143142170604e-11
 9.55208804278728e-12
Time: 55.531698
End of Design Iteration: 18


Iteration :19    GradientNorm: 2.08965030496724e-10
Current Design:
0.999999747087075
1.00000004896375
0.999975873731119
0.999802245183208
0.999399822941653
0.998692084045261
0.997617283293508
0.996129740224293
0.994205401490392
0.991839534222765
0.989049490581118
0.985875094615718
0.982373916564698
0.978624268841279
0.974716457360377
0.970755241036838
0.96685021831785
0.963116171647722
0.95966477377599
0.956602923780996
0.954026492349286
0.952017729302249
0.95064120674402
0.949941614733726
0.949941590894711
0.950641232466708
0.95201773298863
0.954026513752695
0.956602882829658
0.959664833035279
0.963116089448224
0.966850345852727
0.970755109865532
0.974716625271549
0.978624062402965
0.982374106277699
0.985874913873979
0.989049654362598
0.991839434415781
0.994205372509833
0.996129908370446
0.997617104517537
0.998692156476101
0.999399816265694
0.999802289753591
0.99997588470311
0.999999965635563
0.999999808259963
Current Fitness: 2.79458628423985e-17
gradient:

-9.74553798088253e-11
-5.56511757062768e-11
-1.18921078755439e-11
  4.7104890515936e-11
 5.24308136913795e-11
-2.37170206439454e-11
-6.57773041215003e-11
 6.98370170168152e-11
  1.4230026476277e-11
-3.05387678257949e-11
 3.40992860246168e-11
-7.68388458181108e-12
 6.16135798281976e-12
-4.77117285200917e-11
 1.62212741003261e-11
 2.49239747452843e-11
 5.28148383230735e-11
 2.40778147689503e-11
 9.46390281241983e-12
   2.754472960752e-12
 2.46341728016244e-11
 5.76479375074726e-11
 3.84063631006131e-11
 -1.2727748212337e-11
-1.78912167974584e-11
-1.34214282423852e-13
  6.6940559244109e-12
 7.61675823994223e-12
 6.77026405701221e-12
 3.39900942710326e-12
 8.77294242520971e-12
 3.09322603918797e-12
 6.61949383013377e-12
 6.61037382432144e-12
 4.99400818533024e-12
 6.44359149175954e-12
 5.43429366361244e-12
    5.18745925722e-12
 4.58147442371373e-12
 3.18810764421246e-12
 1.05586767235769e-12
-1.81185512111642e-12
-5.30264792923726e-12
-9.50436644504766e-12
-1.43223642697533e-11
-1.47559804549757e-11
-1.27143142170604e-11
-9.55208804278728e-12
pk:

  1.5446801609876e-07
-3.29138907950627e-08
 6.73594376710309e-08
 9.50175844172503e-08
 5.96882663294526e-08
 1.43377437650665e-07
-7.97445031613344e-08
 1.60126498719825e-07
 8.60497730491594e-08
-2.06961139765608e-08
  1.7764399065964e-07
 -4.3697493219713e-08
 1.66286443265411e-07
-4.37328213902238e-08
 1.51975198946752e-07
 1.27558806064338e-08
  1.1920514231824e-07
 3.37649757803281e-08
  8.3236965980924e-08
 4.83675962022861e-08
 6.81784498533518e-08
 6.82033893540485e-08
 8.57997785692672e-08
 5.14080279155857e-08
 5.98827343196051e-08
  6.2253890680934e-08
 6.56771858114726e-08
 6.22296162207261e-08
 6.75982878985656e-08
 6.11260628943541e-08
 6.48340851851292e-08
 7.28444068864353e-08
  5.5147648658347e-08
 8.00856910605408e-08
 5.51227090185063e-08
 7.74202200164685e-08
 6.05895145305406e-08
 7.18325600793056e-08
 6.38856586624652e-08
 6.84443841566628e-08
 6.23847812397307e-08
 6.59102188546917e-08
 5.75630705984424e-08
 6.63249051075883e-08
 4.83753316531238e-08
 8.02640496020739e-08
 2.25879198614796e-08
 1.14458209854555e-07
Flow iterations = 2186   Density Residual = 9.98831361807764e-15
Gradient from Adjoint:
 2.99755669738448e-11
  5.7516859362187e-12
-1.19814485461062e-11
-1.56960885168221e-11
 4.75428565951074e-12
 2.77520214487543e-11
 1.13677871017693e-13
-3.66712285900324e-11
 1.73542943181913e-11
 1.34191219086056e-11
-1.42506444301472e-11
-6.62103903125227e-13
-1.18495918292597e-11
 2.23452927506436e-11
 3.90931974077676e-12
 5.79594428032505e-12
-1.76885321544359e-11
-1.11144047304553e-11
-9.19964645939575e-12
-8.01319449537757e-12
-1.65382821102865e-11
 -1.8335642442578e-11
  2.7527166917774e-12
 1.41543256071785e-11
  2.9248498675522e-12
-3.53668391845956e-12
-2.36210652864755e-12
-1.43090460076927e-12
-5.56003087173841e-13
 1.01806761809371e-13
 3.93795429815632e-14
 7.85308812410259e-12
 1.32412475055502e-12
  6.0647283213289e-12
 4.27925285876648e-12
 4.62707214727359e-12
 3.36810638925421e-12
 2.04979105226858e-12
 2.93656332188137e-13
-1.99424430563332e-12
-4.61630532895457e-12
-7.05438164144236e-12
-8.80917466493933e-12
-9.06424562349849e-12
-7.07847879316368e-12
-3.04981035826209e-12
 3.23725653802639e-14
 1.47620570373041e-12
Time: 55.908629
End of Design Iteration: 19


Final Gradient:
 2.99755669738448e-11
  5.7516859362187e-12
-1.19814485461062e-11
-1.56960885168221e-11
 4.75428565951074e-12
 2.77520214487543e-11
 1.13677871017693e-13
-3.66712285900324e-11
 1.73542943181913e-11
 1.34191219086056e-11
-1.42506444301472e-11
-6.62103903125227e-13
-1.18495918292597e-11
 2.23452927506436e-11
 3.90931974077676e-12
 5.79594428032505e-12
-1.76885321544359e-11
-1.11144047304553e-11
-9.19964645939575e-12
-8.01319449537757e-12
-1.65382821102865e-11
 -1.8335642442578e-11
  2.7527166917774e-12
 1.41543256071785e-11
  2.9248498675522e-12
-3.53668391845956e-12
-2.36210652864755e-12
-1.43090460076927e-12
-5.56003087173841e-13
 1.01806761809371e-13
 3.93795429815632e-14
 7.85308812410259e-12
 1.32412475055502e-12
  6.0647283213289e-12
 4.27925285876648e-12
 4.62707214727359e-12
 3.36810638925421e-12
 2.04979105226858e-12
 2.93656332188137e-13
-1.99424430563332e-12
-4.61630532895457e-12
-7.05438164144236e-12
-8.80917466493933e-12
-9.06424562349849e-12
-7.07847879316368e-12
-3.04981035826209e-12
 3.23725653802639e-14
 1.47620570373041e-12

Final Design:
0.999999901555091
1.00000001604986
0.999975941090557
0.999802340200793
0.999399882629919
0.998692227422698
0.997617203549005
0.996129900350792
0.994205487540165
0.991839513526652
0.989049668225109
0.985875050918225
0.982374082851141
0.978624225108457
0.974716609335576
0.970755253792719
0.966850337522992
0.963116205412698
0.959664857012956
0.956602972148592
0.954026560527736
0.952017797505638
0.950641292543799
0.949941666141754
0.949941650777445
0.950641294720599
0.952017798665815
0.954026575982311
0.956602950427946
0.959664894161342
0.96311615428231
0.966850418697134
0.970755165013181
0.97471670535724
0.978624117525674
0.982374183697919
0.985874974463493
0.989049726195158
0.991839498301439
0.994205440954217
0.996129970755228
0.997617170427756
0.998692214039171
0.999399882590599
0.999802338128923
0.99997596496716
0.999999988223482
0.999999922718173
Fitness: 5.09783675615349e-18

