Creating Target Pressure
Flow iterations = 2187   Density Residual = 9.30143846754987e-15
Flow iterations = 2503   Density Residual = 9.58490798083953e-15
Gradient from Adjoint:
 0.000719459557272983
 5.23129352916563e-05
-4.37863783232758e-07
-4.38878330994749e-05
-0.000192384091112561
-0.000490969403968311
-0.000853243704611936
   -0.001021740948287
-0.000822787070974473
-0.000415190141108346
-7.15644403952912e-05
 0.000100031195076904
 0.000134222982223802
 9.92732844887843e-05
 4.94071332364179e-05
  1.4159609099549e-05
 2.07813864389955e-06
-4.49908897241263e-07
Condition Number of H:
192.98205179845218
Iteration :1    GradientNorm: 0.0018620776598543202
Current Design:
1.0000131582684195
0.99995379633237946
1.0002612167486364
0.9951575543105603
0.97596739586059689
0.94386585470932716
0.91198767214029497
0.89586089305384364
0.90234950086278043
0.92621384632567194
0.95536357670901506
0.97907038386400336
0.99295226650089818
0.99858596245719689
0.99991990001517561
1.0000040227822757
1.0000010295592725
0.99999926734224653
Current Fitness: 8.0119305556963734e-05
gradient:

-0.00071945955727298317
-5.2312935291656267e-05
 4.3786378323275818e-07
 4.3887833099474892e-05
 0.00019238409111256067
  0.0004909694039683108
 0.00085324370461193559
  0.0010217409482869966
   0.000822787070974473
 0.00041519014110834611
 7.1564440395291152e-05
-0.00010003119507690379
-0.00013422298222380173
-9.9273284488784319e-05
-4.9407133236417907e-05
 -1.415960909954895e-05
  -2.07813864389955e-06
 4.4990889724126347e-07
pk:

 -0.055583323425674715
  0.020341991148081488
 -0.032700188225581198
-0.0014815885918486055
-0.0048343733250256508
  0.019736681071373455
  0.026204399414723935
  0.030926706948224695
  0.024067393561235134
   0.01091267152880205
 -0.010994459730340984
 -0.026960885559439443
 -0.029401240837417075
 -0.024207657075577257
 -0.014997692768727608
 -0.016200193585424284
-0.0057698612243874143
 -0.021790400770699783
Flow iterations = 2239   Density Residual = 9.95002366987194e-15
Gradient from Adjoint:
 0.000137297680133003
 5.56500930627766e-06
-4.40423890599818e-07
-2.79599295817049e-07
-1.69459873091222e-05
-7.71675915752836e-05
-0.000168727486240557
-0.000212899358023804
-0.000154549825153496
-5.89817644647873e-05
 -1.3398942560879e-05
 -1.4016186941639e-05
-1.77354246301759e-05
-1.13964943304363e-05
-4.88232556944095e-06
-1.68044344605599e-06
-1.14499845957617e-06
-5.81260836468212e-07
Time: 7.702592
End of Design Iteration: 1


Iteration :2    GradientNorm: 0.000356556049989294
Current Design:
0.944429834842745
1.02029578748046
0.967561028523055
0.993675965718712
0.971133022535571
0.963602535780701
0.938192071555019
0.926787600002068
0.926416894424016
0.937126517854474
0.944369116978674
0.952109498304564
0.963551025663481
0.97437830538162
0.984922207246448
0.983803829196851
0.994231168334885
0.978208866571547
Current Fitness: 4.5995974206957e-06
gradient:

-0.00013729768013300318
-5.5650093062776605e-06
 4.4042389059981802e-07
 2.7959929581704917e-07
 1.6945987309122202e-05
  7.716759157528358e-05
 0.00016872748624055728
 0.00021289935802380397
 0.00015454982515349634
 5.8981764464787273e-05
 1.3398942560879012e-05
 1.4016186941639006e-05
 1.7735424630175916e-05
 1.1396494330436276e-05
 4.8823255694409456e-06
 1.6804434460559898e-06
  1.144998459576168e-06
 5.8126083646821183e-07
pk:

 0.044093364273486244
-0.015590584502514897
 0.024890805886723849
0.0016029969696753602
 0.013006651408994676
 0.011815670524566287
 0.022941219269778681
 0.024085970919272615
 0.019805406226898671
 0.010197999675665958
0.0084080911265553872
 0.010750464300920482
 0.011207301772686803
 0.010508324785577587
0.0090231290200225196
  0.01145901699399275
0.0054863872702146741
 0.016690256707321147
Flow iterations = 2192   Density Residual = 9.57058646578104e-15
Gradient from Adjoint:
 9.98026578326413e-06
 3.97714427759784e-07
 -2.8059888590923e-07
-3.95543276548216e-07
-8.85246978067742e-07
-5.27120667519609e-06
-1.53675760970633e-05
-2.06381042561566e-05
-1.31754211798639e-05
-3.89991605344302e-06
-1.01879191997736e-06
-8.11886726081259e-07
-1.00803976705756e-06
-7.39320304223054e-07
 -3.9857474837543e-07
-5.71137189122721e-07
-1.67893490028437e-07
 -2.7855115237432e-07
Time: 14.873985
End of Design Iteration: 2


Iteration :3    GradientNorm: 3.13578353716468e-05
Current Design:
0.988523199116231
1.00470520297795
0.992451834409779
0.995278962688387
0.984139673944566
0.975418206305267
0.961133290824798
0.950873570921341
0.946222300650914
0.94732451753014
0.952777208105229
0.962859962605484
0.974758327436168
0.984886630167197
0.993945336266471
0.995262846190844
0.9997175556051
0.994899123278868
Current Fitness: 6.12445785036437e-08
gradient:

-9.9802657832641269e-06
-3.9771442775978352e-07
 2.8059888590922983e-07
 3.9554327654821564e-07
 8.8524697806774248e-07
   5.27120667519609e-06
 1.5367576097063317e-05
 2.0638104256156579e-05
 1.3175421179863872e-05
 3.8999160534430154e-06
 1.0187919199773616e-06
  8.118867260812594e-07
 1.0080397670575649e-06
 7.3932030422305355e-07
 3.9857474837543012e-07
 5.7113718912272071e-07
 1.6789349002843713e-07
 2.7855115237432034e-07
pk:

  0.011173317657231036
-0.0046037374040445774
 0.0067869739914590711
0.00026451818545881052
 0.0036286497125331794
 0.0016570956778189153
 0.0041052022778626501
 0.0043453812636949527
 0.0031995959338409177
 0.0021568055409589598
 0.0024320733446209562
 0.0024330914445006148
 0.0022841558168598584
 0.0028992057861179734
  0.001593365284510358
 0.0039809116791532035
0.00034303453803988764
 0.0049243636580958506
Flow iterations = 2187   Density Residual = 9.51106608726928e-15
Gradient from Adjoint:
 1.48919861817328e-07
-3.62181082116498e-08
-3.36724581311718e-08
-2.81364394449322e-08
-2.63762370563628e-08
-7.90382032512269e-08
-2.33943785330302e-07
-3.14901587923393e-07
-2.06774537568278e-07
 -4.9892215807903e-08
-4.63993489059152e-08
-2.67120180013468e-08
-4.08524397628133e-08
-2.04738683942596e-08
-2.27097246583591e-08
-4.66847915040293e-08
 6.01745557116297e-09
 -1.4672917963004e-08
Time: 21.908292
End of Design Iteration: 3


Iteration :4    GradientNorm: 4.89281104610699e-07
Current Design:
0.999696516773462
1.0001014655739
0.999238808401238
0.995543480873846
0.987768323657099
0.977075301983086
0.96523849310266
0.955218952185036
0.949421896584755
0.949481323071099
0.95520928144985
0.965293054049985
0.977042483253028
0.987785835953315
0.995538701550981
0.999243757869997
1.00006059014314
0.999823486936964
Current Fitness: 2.82198322874722e-11
gradient:

 -1.489198618173282e-07
 3.6218108211649772e-08
 3.3672458131171753e-08
 2.8136439444932232e-08
 2.6376237056362826e-08
 7.9038203251226919e-08
 2.3394378533030194e-07
 3.1490158792339348e-07
  2.067745375682782e-07
 4.9892215807902996e-08
  4.639934890591516e-08
 2.6712018001346763e-08
 4.0852439762813307e-08
 2.0473868394259628e-08
 2.2709724658359072e-08
 4.6684791504029311e-08
-6.0174555711629716e-09
 1.4672917963003989e-08
pk:

 0.00030253356733059387
-9.8355273383794582e-05
 0.00017410114927413883
 1.3570874306233232e-05
 0.00010104201030449211
 3.9861059357409636e-05
 0.00010366179481982745
  8.149842746763827e-05
 9.4689830382054392e-05
 3.8591486661145929e-05
 8.7837419266011333e-05
 5.2467595227163969e-05
 6.9294429605624937e-05
 8.6982351901684484e-05
  1.465457013347257e-05
 0.00017354684820789483
-6.1320792456049988e-05
 0.00017749387791896797
Flow iterations = 2186   Density Residual = 9.8731687084427e-15
Gradient from Adjoint:
 1.01632163303856e-10
 3.49606129476054e-10
-4.98192266790847e-10
 3.50353495895899e-10
-2.55738701718427e-10
 2.33190801592514e-10
-3.74690190645866e-10
  3.1444928197769e-10
-5.36966053294945e-10
  5.3298126809709e-10
-6.07718644315656e-10
 6.06919611829336e-10
-5.53668487927382e-10
 3.81818646403699e-10
-1.96895954615113e-10
 1.12053600321866e-10
-2.48856719710223e-10
  3.7233124595115e-10
Time: 28.977794
End of Design Iteration: 4


Iteration :5    GradientNorm: 1.69612541876608e-09
Current Design:
0.999999050340793
1.00000311030052
0.999412909550512
0.995557051748152
0.987869365667404
0.977115163042443
0.96534215489748
0.955300450612504
0.949516586415137
0.94951991455776
0.955297118869116
0.965345521645212
0.977111777682633
0.987872818305217
0.995553356121114
0.999417304718205
0.999999269350684
1.00000098081488
Current Fitness: 6.76810157852423e-15
gradient:

-1.0163216330385612e-10
-3.4960612947605421e-10
 4.9819226679084672e-10
-3.5035349589589915e-10
 2.5573870171842687e-10
-2.3319080159251396e-10
 3.7469019064586582e-10
-3.1444928197768972e-10
 5.3696605329494528e-10
-5.3298126809709047e-10
 6.0771864431565612e-10
-6.0691961182933632e-10
 5.5366848792738163e-10
-3.8181864640369861e-10
 1.9689595461511254e-10
-1.1205360032186621e-10
 2.4885671971022336e-10
-3.7233124595115049e-10
pk:

 9.8514357910095458e-07
-1.7383329986200959e-06
 2.5266704408247761e-06
-1.7020187239297995e-06
 1.8190143765584125e-06
 -1.306302862312328e-06
  1.663750597315879e-06
-1.3234405458854405e-06
 1.7940006570359581e-06
-1.5290453968198197e-06
 2.0036389449611884e-06
-1.6982562971896332e-06
 2.0733442792033272e-06
-1.6284525049386292e-06
 1.9938313911607668e-06
-1.8778776195340711e-06
 2.1130975300130886e-06
-9.4320765200865228e-07
Flow iterations = 2187   Density Residual = 9.42390893160539e-15
Gradient from Adjoint:
-1.95492472850317e-11
-6.90662092311106e-13
-8.37441703291481e-12
 4.01973741812783e-12
 -1.4979214912053e-11
  1.0563055308882e-12
-3.27239072787591e-12
-7.81802129389928e-12
-3.72355517996792e-12
-1.06920751569618e-12
-8.13692544224121e-12
-4.00310281122306e-12
-1.71784129282962e-12
-7.47256131162335e-12
-4.93078116176365e-13
-1.59501981303295e-11
 9.42163559983754e-12
-7.72136163493024e-12
Time: 36.031397
End of Design Iteration: 5


Final Gradient:
-1.95492472850317e-11
-6.90662092311106e-13
-8.37441703291481e-12
 4.01973741812783e-12
 -1.4979214912053e-11
  1.0563055308882e-12
-3.27239072787591e-12
-7.81802129389928e-12
-3.72355517996792e-12
-1.06920751569618e-12
-8.13692544224121e-12
-4.00310281122306e-12
-1.71784129282962e-12
-7.47256131162335e-12
-4.93078116176365e-13
-1.59501981303295e-11
 9.42163559983754e-12
-7.72136163493024e-12

Final Design:
1.00000003548437
1.00000137196752
0.999415436220953
0.995555349729428
0.98787118468178
0.977113856739581
0.965343818648077
0.955299127171958
0.949518380415794
0.949518385512363
0.955299122508061
0.965343823388915
0.977113851026913
0.987871189852712
0.995555349952506
0.999415426840586
1.00000138244821
1.00000003760723
Fitness: 1.03410445299729e-15
