5.000000000000000e-03
1.500000000000000e-02
2.500000000000000e-02
3.500000000000000e-02
4.500000000000000e-02
5.500000000000000e-02
6.500000000000000e-02
7.500000000000001e-02
8.500000000000001e-02
9.500000000000000e-02
1.050000000000000e-01
1.150000000000000e-01
1.250000000000000e-01
1.350000000000000e-01
1.450000000000000e-01
1.550000000000000e-01
1.650000000000000e-01
1.750000000000000e-01
1.850000000000000e-01
1.950000000000000e-01
2.050000000000000e-01
2.150000000000000e-01
2.250000000000000e-01
2.350000000000000e-01
2.450000000000000e-01
2.550000000000000e-01
2.650000000000000e-01
2.750000000000000e-01
2.850000000000000e-01
2.950000000000000e-01
3.050000000000000e-01
3.150000000000000e-01
3.250000000000000e-01
3.350000000000000e-01
3.450000000000000e-01
3.550000000000000e-01
3.650000000000000e-01
3.750000000000000e-01
3.850000000000000e-01
3.950000000000000e-01
4.050000000000000e-01
4.150000000000000e-01
4.250000000000000e-01
4.350000000000000e-01
4.450000000000000e-01
4.550000000000000e-01
4.650000000000000e-01
4.750000000000000e-01
4.850000000000000e-01
4.950000000000000e-01
5.050000000000000e-01
5.150000000000000e-01
5.250000000000000e-01
5.350000000000000e-01
5.450000000000000e-01
5.550000000000000e-01
5.650000000000001e-01
5.750000000000001e-01
5.850000000000000e-01
5.950000000000000e-01
6.050000000000000e-01
6.150000000000000e-01
6.250000000000000e-01
6.350000000000000e-01
6.450000000000000e-01
6.550000000000000e-01
6.650000000000000e-01
6.750000000000000e-01
6.850000000000001e-01
6.950000000000001e-01
7.050000000000001e-01
7.150000000000000e-01
7.250000000000000e-01
7.350000000000000e-01
7.450000000000000e-01
7.550000000000000e-01
7.650000000000000e-01
7.750000000000000e-01
7.850000000000000e-01
7.950000000000000e-01
8.050000000000000e-01
8.150000000000001e-01
8.250000000000001e-01
8.350000000000001e-01
8.450000000000000e-01
8.550000000000000e-01
8.650000000000000e-01
8.750000000000000e-01
8.850000000000000e-01
8.950000000000000e-01
9.050000000000000e-01
9.150000000000000e-01
9.250000000000000e-01
9.350000000000001e-01
9.450000000000001e-01
9.550000000000001e-01
9.650000000000000e-01
9.750000000000000e-01
9.850000000000000e-01
9.950000000000000e-01
1.000000000000000e+00
9.999815072075340e-01
9.998802027832746e-01
9.996436501073057e-01
9.992298619655690e-01
9.986036610507657e-01
9.977354723478701e-01
9.966007592691648e-01
9.951797104512081e-01
9.934570369943007e-01
9.914218183921061e-01
9.890673663958669e-01
9.863910903151225e-01
9.833943545679412e-01
9.800823233697384e-01
9.764637898807386e-01
9.725509886652317e-01
9.683593913285260e-01
9.639074858922848e-01
9.592165409596702e-01
9.543103560752474e-01
9.492149999416177e-01
9.439585383408482e-01
9.385707537405504e-01
9.330828586530620e-01
9.275272048692675e-01
9.219369907116632e-01
9.163459684483873e-01
9.107881539842686e-01
9.052975408990189e-01
8.999078208386511e-01
8.946521121859146e-01
8.895626988406882e-01
8.846707808334292e-01
8.800062383754476e-01
8.755974108203730e-01
8.714708918731405e-01
8.676513422374762e-01
8.641613207415921e-01
8.610211348259077e-01
8.582487111174061e-01
8.558594866539848e-01
8.538663211601051e-01
8.522794306133982e-01
8.511063421818070e-01
8.503518704534578e-01
8.500181147278344e-01
8.501044769879841e-01
8.506077000303814e-01
8.515219250926005e-01
8.528387681899243e-01
8.545474142512156e-01
8.566347280324456e-01
8.590853806838514e-01
8.618819907542812e-01
8.650052783343223e-01
8.684342309686791e-01
8.721462799082236e-01
8.761174852233986e-01
8.803227282633228e-01
8.847359099190538e-01
8.893301531349814e-01
8.940780081091108e-01
8.989516586308676e-01
9.039231280237501e-01
9.089644831893117e-01
9.140480352882108e-01
9.191465356429186e-01
9.242333655046413e-01
9.292827183934955e-01
9.342697737953847e-01
9.391708610806720e-01
9.439636125979670e-01
9.486271049903856e-01
9.531419878807774e-01
9.574905991758487e-01
9.616570663460708e-01
9.656273931479487e-01
9.693895313668337e-01
9.729334372712042e-01
9.762511125824067e-01
9.793366298764782e-01
9.821861424460916e-01
9.847978787601338e-01
9.871721217652351e-01
9.893111733770250e-01
9.912193046083508e-01
9.929026918765419e-01
9.943693401214703e-01
9.956289934501180e-01
9.966930341011303e-01
9.975743705939891e-01
9.982873159916005e-01
9.988474572619256e-01
9.992715167735294e-01
9.995772070013595e-01
9.997830795525318e-01
9.999083696472950e-01
9.999728372076142e-01
9.999966057149622e-01
1.000000000000000e+00
