5.000000000000000e-03
1.500000000000000e-02
2.500000000000000e-02
3.500000000000000e-02
4.500000000000000e-02
5.500000000000000e-02
6.500000000000000e-02
7.500000000000001e-02
8.500000000000001e-02
9.500000000000000e-02
1.050000000000000e-01
1.150000000000000e-01
1.250000000000000e-01
1.350000000000000e-01
1.450000000000000e-01
1.550000000000000e-01
1.650000000000000e-01
1.750000000000000e-01
1.850000000000000e-01
1.950000000000000e-01
2.050000000000000e-01
2.150000000000000e-01
2.250000000000000e-01
2.350000000000000e-01
2.450000000000000e-01
2.550000000000000e-01
2.650000000000000e-01
2.750000000000000e-01
2.850000000000000e-01
2.950000000000000e-01
3.050000000000000e-01
3.150000000000000e-01
3.250000000000000e-01
3.350000000000000e-01
3.450000000000000e-01
3.550000000000000e-01
3.650000000000000e-01
3.750000000000000e-01
3.850000000000000e-01
3.950000000000000e-01
4.050000000000000e-01
4.150000000000000e-01
4.250000000000000e-01
4.350000000000000e-01
4.450000000000000e-01
4.550000000000000e-01
4.650000000000000e-01
4.750000000000000e-01
4.850000000000000e-01
4.950000000000000e-01
5.050000000000000e-01
5.150000000000000e-01
5.250000000000000e-01
5.350000000000000e-01
5.450000000000000e-01
5.550000000000000e-01
5.650000000000001e-01
5.750000000000001e-01
5.850000000000000e-01
5.950000000000000e-01
6.050000000000000e-01
6.150000000000000e-01
6.250000000000000e-01
6.350000000000000e-01
6.450000000000000e-01
6.550000000000000e-01
6.650000000000000e-01
6.750000000000000e-01
6.850000000000001e-01
6.950000000000001e-01
7.050000000000001e-01
7.150000000000000e-01
7.250000000000000e-01
7.350000000000000e-01
7.450000000000000e-01
7.550000000000000e-01
7.650000000000000e-01
7.750000000000000e-01
7.850000000000000e-01
7.950000000000000e-01
8.050000000000000e-01
8.150000000000001e-01
8.250000000000001e-01
8.350000000000001e-01
8.450000000000000e-01
8.550000000000000e-01
8.650000000000000e-01
8.750000000000000e-01
8.850000000000000e-01
8.950000000000000e-01
9.050000000000000e-01
9.150000000000000e-01
9.250000000000000e-01
9.350000000000001e-01
9.450000000000001e-01
9.550000000000001e-01
9.650000000000000e-01
9.750000000000000e-01
9.850000000000000e-01
9.950000000000000e-01
1.000000000000000e+00
9.999866942269894e-01
9.998848785747381e-01
9.996477950141821e-01
9.992342331988771e-01
9.986085304650010e-01
9.977405718313513e-01
9.966057719457008e-01
9.951846302072657e-01
9.934619627066027e-01
9.914267640371981e-01
9.890722070725828e-01
9.863956429663330e-01
9.833985984402712e-01
9.800865696877972e-01
9.764683986602810e-01
9.725560669703947e-01
9.683646931803114e-01
9.639125328017080e-01
9.592209780245851e-01
9.543143895857584e-01
9.492191622831067e-01
9.439631837005925e-01
9.385758122426965e-01
9.330878771344160e-01
9.275316784212650e-01
9.219409110927376e-01
9.163498304403883e-01
9.107924174159164e-01
9.053023027546241e-01
8.999127669754212e-01
8.946567403808217e-01
8.895667832677703e-01
8.846745982832925e-01
8.800101885294889e-01
8.756017060908399e-01
8.714754517898966e-01
8.676558751872800e-01
8.641655724768714e-01
8.610251265202934e-01
8.582526227407334e-01
8.558634891574251e-01
8.538704942808376e-01
8.522837471126751e-01
8.511106971483618e-01
8.503561359156282e-01
8.500222055261013e-01
8.501084036285708e-01
8.506115836100003e-01
8.515259545955285e-01
8.528430814484657e-01
8.545519158282957e-01
8.566391378286600e-01
8.590894976153449e-01
8.618858464842786e-01
8.650091368615336e-01
8.684384223033242e-01
8.721508732287852e-01
8.761221646066850e-01
8.803271452782789e-01
8.847399583810357e-01
8.893340415428717e-01
8.940821268821487e-01
8.989562443369440e-01
9.039279746893605e-01
9.089692152970047e-01
9.140524331173007e-01
9.191506680367547e-01
9.242375328709577e-01
9.292872135285950e-01
9.342745706981053e-01
9.391757050286852e-01
9.439682844957262e-01
9.486315576856840e-01
9.531463537960776e-01
9.574950826354904e-01
9.616617554323657e-01
9.656322137317578e-01
9.693943582920856e-01
9.729381698939271e-01
9.762557093400206e-01
9.793411174552633e-01
9.821906135761367e-01
9.848024583271576e-01
9.871768893561699e-01
9.893161097719196e-01
9.912242881254061e-01
9.929075584098819e-01
9.943740184829900e-01
9.956336101492214e-01
9.966977562515601e-01
9.975792407539411e-01
9.982922071633858e-01
9.988521585300063e-01
9.992759572545973e-01
9.995817057992042e-01
9.997880836687387e-01
9.999139633759526e-01
9.999783948568518e-01
1.000000605470696e+00
1.000000000000000e+00
