7.175517181622053e-02
3.495423491034139e-02
9.403903515100119e-02
3.246239836186002e-02
2.100986160887098e-02
1.054194046382411e-02
1.780607446709816e-02
2.183923158569959e-02
8.575647195801178e-03
3.450231798489102e-03
6.291329188187512e-03
4.167267661377233e-03
2.999399099722256e-03
2.992528388045400e-03
8.253059238440096e-04
2.516945986614211e-03
1.049722659150375e-03
1.391034838101956e-03
8.265107965965640e-04
6.596926180882571e-04
7.449310662547979e-04
7.677800208268627e-04
8.047630156820847e-04
5.982946648461812e-04
7.969908146731235e-04
1.419141459847820e-03
5.498885820162114e-04
4.117409255728710e-04
2.276403864070167e-04
4.442591290406793e-04
7.211603948226688e-04
9.207246394874759e-04
7.030530209577733e-04
2.424279920994080e-04
5.237545912968466e-04
5.938649741360605e-04
3.133175591001702e-04
1.298959484366766e-04
1.415868511851988e-04
2.626137059259246e-04
2.972006951682003e-04
1.671757725027954e-04
6.281680481458077e-05
1.427341308174723e-04
2.253881627580206e-04
2.164744493135775e-04
1.126887511126696e-04
4.559265017538990e-05
9.978395885621000e-05
1.999285845903025e-04
3.024283263233997e-04
3.149196248774021e-04
1.809326729449781e-04
3.687114549053489e-05
3.070727907256908e-05
7.965081170496164e-05
1.533609746820199e-04
2.332146838595853e-04
2.571141591807872e-04
1.701388196725909e-04
6.196199037087580e-05
1.107912096869271e-05
7.199871198757438e-06
1.040989019444250e-05
1.620500183420126e-05
1.696383331690106e-05
9.269633559858702e-06
5.217851792630448e-06
5.616285511068558e-06
7.418383948599065e-06
1.034286363152174e-05
1.131983811090451e-05
8.196842169955205e-06
3.904824429372807e-06
3.471247549022462e-06
4.575499022795258e-06
7.303570624216510e-06
1.189178020232842e-05
1.773005627784635e-05
2.194980367782053e-05
1.823388440438352e-05
7.841607191101609e-06
3.339004209654796e-06
3.475541244187491e-06
4.512114069341477e-06
6.776283828740924e-06
1.100246718942538e-05
1.759170450292379e-05
2.656087730031504e-05
3.354707870235767e-05
2.758574685384495e-05
1.191374096880871e-05
8.054991201375084e-06
2.810142440675683e-06
5.005456002825610e-07
8.330469067200356e-09
8.949166900286360e-09
2.183966307488016e-09
3.816447184472383e-11
