-7.847076397311337e-09
1.101404040785719e-08
-1.147279047090854e-10
-6.261101581656343e-09
9.496424510013957e-09
-2.247911356654180e-09
-7.220589979016565e-09
1.074236071958560e-08
-1.991357511152212e-09
-4.841714591268074e-09
6.915361820443756e-09
-6.895480405726849e-10
-1.354708375393092e-09
1.691727350644184e-09
1.417904878753288e-10
1.259193001689691e-10
-3.731781219088146e-10
6.579669164606620e-11
-7.133839949565833e-10
1.009502984455039e-09
-4.939441013401915e-10
-2.344278607285914e-09
3.467648856167337e-09
-9.439374448707225e-10
-3.727222558220331e-09
5.530324080266814e-09
-1.273211334471697e-09
-4.926180494563843e-09
7.333861307909268e-09
-1.611564301382341e-09
-6.121683017082660e-09
9.129892242160383e-09
-1.954520504490681e-09
-6.906655899989535e-09
1.025879344579690e-08
-2.048228363433139e-09
-6.300745460041902e-09
9.237508233534127e-09
-1.549623723785488e-09
-3.649624867056944e-09
5.164220604677117e-09
-4.288892753817378e-10
3.574929136493695e-12
-2.466760104811667e-10
6.194289781732144e-10
2.220022244340446e-09
-3.349130320763055e-09
8.028151324357223e-10
1.142934879695262e-09
-1.537395229931395e-09
-1.406411573990877e-10
-2.886517061785870e-09
4.470862105968749e-09
-1.659161469114030e-09
-7.160635428207598e-09
1.057354786437714e-08
-2.643517496907106e-09
-8.253329517821734e-09
1.186007017844007e-08
-2.193130607191491e-09
-5.295084092119354e-09
7.417839966766001e-09
-7.737646255191490e-10
-1.144417369001595e-09
1.583027900447408e-09
2.845124527715105e-10
2.942870586357552e-10
-1.732625840320516e-10
2.881181646943859e-12
-2.551888337349081e-09
4.055393780956893e-09
-1.480295614942849e-09
-7.440997939490970e-09
1.082261630034244e-08
-2.905952244055286e-09
-9.687724372128595e-09
1.358866869779363e-08
-2.768882204748214e-09
-6.506551630301289e-09
8.918849404289469e-09
-9.751455025924948e-10
-2.264182173101526e-10
4.346294365918468e-10
9.485303389073338e-10
3.850894704135267e-09
-4.686919918153540e-09
1.394766288036740e-09
2.093111446303797e-09
-1.957537898147022e-09
-1.059079415123066e-10
-4.483100014555502e-09
6.798311380094445e-09
-2.456760154011504e-09
-1.067168448679919e-08
1.454944279845561e-08
-3.730653392118947e-09
-1.136638246723422e-08
1.498032702537777e-08
-2.890945475713074e-09
-6.410449842427020e-09
8.470573394103031e-09
-8.589227111067722e-10
-3.307689415484098e-10
1.002966670827529e-09
6.621703647290328e-10
1.926196772978650e-09
-1.413696617429035e-09
5.189735611764904e-10
-1.222347219766908e-09
2.741286946261274e-09
-1.083829111907934e-09
-6.976559292758105e-09
9.692391243417616e-09
-2.797681697261036e-09
-1.057551217565230e-08
1.369587043737272e-08
-3.251730290341963e-09
-9.470124906187667e-09
1.207791271943897e-08
-2.278795875759482e-09
-4.954682432971976e-09
6.696537295955414e-09
-7.156953959387654e-10
-4.919286904101399e-10
1.683343658767731e-09
3.301366374932415e-10
8.292611492596341e-10
4.509169104219755e-10
1.780288077915125e-10
-1.882976921590282e-09
3.747209177467167e-09
-1.076982126030894e-09
-6.955386817665720e-09
9.461197681090070e-09
-2.665542942458907e-09
-1.121973671481571e-08
1.400362032492545e-08
-3.600425198281683e-09
-1.192364098486198e-08
1.448257074719897e-08
-3.267155916819731e-09
-8.488874729845749e-09
1.053272705210263e-08
-1.835715773625739e-09
-3.105495578591664e-09
4.753013542280902e-09
-2.421568081639551e-10
3.938272182087751e-10
1.286448218124832e-09
3.385960583765626e-10
-9.557802692933451e-10
3.065528017663164e-09
-6.883130564915901e-10
-6.551592596250064e-09
9.079086596995984e-09
-2.635348699493964e-09
-1.215639505256886e-08
1.470424932092632e-08
-3.984316792851154e-09
-1.339534195073447e-08
1.559499728800704e-08
-3.703847819848692e-09
-9.392639525142066e-09
1.123484698800996e-08
-2.050436508323717e-09
-3.531820006086188e-09
5.357815610186642e-09
-4.016422109525945e-10
-9.066465768496229e-10
3.078484292145202e-09
-2.090853166012808e-10
-3.918492044640325e-09
6.432893955097347e-09
-1.668423827007731e-09
-9.835629267212212e-09
1.231160728096494e-08
-3.446678436298247e-09
-1.355661798952999e-08
1.567639482369113e-08
-4.075300136006630e-09
-1.219064510183522e-08
1.399369667497608e-08
-3.127077302903736e-09
-7.212739331695902e-09
9.042559761620020e-09
-1.484525889549282e-09
-3.111796404084216e-09
5.290713524305940e-09
-6.038939173855405e-10
-3.553402413968884e-09
6.064031455960823e-09
-1.267849912237258e-09
-7.960192890213166e-09
1.043697364947489e-08
-2.802454842105000e-09
-1.250411663655661e-08
1.463331321155852e-08
-3.940784381888983e-09
-1.379305351461085e-08
1.557972010739988e-08
-3.905976722805748e-09
-1.137821994619766e-08
1.310201539688135e-08
-2.905343376967972e-09
-7.697179166115739e-09
9.655087717169251e-09
-1.858248312233952e-09
-5.864886819049853e-09
8.126464571335504e-09
-1.611578190699383e-09
-6.852855886348246e-09
9.223946558032300e-09
-2.149645371721177e-09
-9.039086105570511e-09
1.130310142374114e-08
-2.804623896957199e-09
-1.013962973543146e-08
1.223301725564487e-08
-2.935429722210858e-09
-9.079888768593342e-09
1.104491806669783e-08
-2.381562482358797e-09
-6.557311900327897e-09
8.422601569149269e-09
-1.528897125078883e-09
-4.309502839565146e-09
6.099718637126160e-09
-9.935752526837130e-10
-3.677124513625700e-09
5.521882413407731e-09
-1.076586485264396e-09
-4.675739100078173e-09
6.797060065705587e-09
-1.565080401937757e-09
-6.284498825023770e-09
8.797673904147365e-09
-2.039290569056471e-09
-7.294461786722635e-09
1.002545462172186e-08
-2.165884688108793e-09
-6.964304903299632e-09
9.493235641000001e-09
-1.834973047439424e-09
-5.284364361319864e-09
7.170137006530969e-09
-1.165342726233750e-09
-2.933698275534913e-09
3.975508104220813e-09
-4.522380639953112e-10
-9.947205015361118e-10
1.391058578468781e-09
-4.381186274692225e-11
-3.953715001323126e-10
6.733323782666373e-10
-1.348413549094231e-10
-1.366634136932857e-09
2.106239105522059e-09
-6.507948950841569e-10
-3.269447888171183e-09
4.770134593623892e-09
-1.271598626702207e-09
-4.918184097817694e-09
7.007774280889891e-09
-1.608977079674138e-09
-5.359880612665821e-09
7.529355167846075e-09
-1.494894842132591e-09
-4.745825157103664e-09
6.627979910299718e-09
-1.207280774811418e-09
-4.091181817768353e-09
5.741956329095818e-09
-1.098681310391738e-09
-4.143236953177388e-09
5.870000913945326e-09
-1.255725547932285e-09
-4.641020783917011e-09
6.575076402681158e-09
-1.413014510811857e-09
-4.500455583281643e-09
6.300797029087889e-09
-1.174329329045810e-09
-2.900371878898069e-09
3.945527823601242e-09
-4.511416034507780e-10
-7.868960004929993e-10
9.926639763423665e-10
8.765937080745930e-11
-6.925279936672461e-10
1.066624484840245e-09
-4.235463739155710e-10
-3.580101831431054e-09
5.307247874118639e-09
-1.685581605204648e-09
-7.220611061571898e-09
1.039178687634710e-08
-2.592045540421685e-09
-6.393494488524877e-10
-9.222274971542558e-10
4.566739948212986e-09
