7.715899969316936e-01
7.716046042121050e-01
7.715876545993667e-01
7.715083470446485e-01
7.713366236054308e-01
7.710448192486495e-01
7.706080995277638e-01
7.700045258448320e-01
7.692148739941607e-01
7.682219807542762e-01
7.670103111528297e-01
7.655657187917830e-01
7.638752995322110e-01
7.619273129694168e-01
7.597111890437727e-01
7.572171893098955e-01
7.544361756951530e-01
7.513595755451143e-01
7.479794638516365e-01
7.442886862604713e-01
7.402811894915317e-01
7.359518178845911e-01
7.312959973139500e-01
7.263097416435550e-01
7.209898474492048e-01
7.153341481845453e-01
7.093420059072993e-01
7.030144055148382e-01
6.963535668327412e-01
6.893628779566244e-01
6.820470503961543e-01
6.744123718277033e-01
6.664671167474406e-01
6.582218465579329e-01
6.496890495042188e-01
6.408829152425035e-01
6.318192914955300e-01
6.225157345921883e-01
6.129916232730162e-01
6.032683175233340e-01
5.933688965002457e-01
5.833178296153059e-01
5.731407238103847e-01
5.628641042881193e-01
5.525152053482366e-01
5.421217574053597e-01
5.317117726075092e-01
5.213133208453741e-01
5.109542886310560e-01
5.006621049343553e-01
4.904634425263008e-01
4.803838025717976e-01
4.704472808235987e-01
4.606766258863084e-01
4.510932747578472e-01
4.417173361760753e-01
4.325675381170928e-01
4.236610611611279e-01
4.150135007755621e-01
4.066395147203006e-01
3.985538336282372e-01
3.907728016993610e-01
3.833169542165477e-01
3.762155653379928e-01
3.695150305936618e-01
3.632952867148866e-01
3.577006985533436e-01
3.529974879798392e-01
3.496782222106186e-01
3.486409183815198e-01
3.514546420491191e-01
3.606200876368248e-01
3.794410648425462e-01
4.107865640913581e-01
4.545547312383090e-01
5.057272529022824e-01
5.559013005774691e-01
5.978113685283266e-01
6.285860040210418e-01
6.493222795485336e-01
6.627652653024738e-01
6.715331410131542e-01
6.774925562251971e-01
6.817956063225895e-01
6.850997570362848e-01
6.877651997768528e-01
6.899866181082440e-01
6.918707013085184e-01
6.934787649141921e-01
6.948492712860529e-01
6.960092116395911e-01
6.969798243868403e-01
6.977795119218352e-01
6.984253655001259e-01
6.989339703840762e-01
6.993219722636840e-01
6.996060438390271e-01
6.998028073294355e-01
6.999285143458067e-01
6.999999999997512e-01
8.309250446183679e-01
8.309362787429765e-01
8.309232307099406e-01
8.308621922565639e-01
8.307300112025692e-01
8.305053532779388e-01
8.301690312450247e-01
8.297040476369716e-01
8.290954478796384e-01
8.283298105479944e-01
8.273949076387138e-01
8.262795137078714e-01
8.249732872332272e-01
8.234667044694841e-01
8.217510588937257e-01
8.198181942230459e-01
8.176603200981464e-01
8.152699794268616e-01
8.126401069266193e-01
8.097641201270276e-01
8.066361715462006e-01
8.032509870543671e-01
7.996036163401299e-01
7.956894344868319e-01
7.915042921320367e-01
7.870447151281597e-01
7.823082931725863e-01
7.772937596042570e-01
7.720006934280857e-01
7.664294748972549e-01
7.605814195152166e-01
7.544589948570698e-01
7.480661692789314e-01
7.414086786523946e-01
7.344937688824115e-01
7.273300466101480e-01
7.199274786389648e-01
7.122974715079010e-01
7.044530077172897e-01
6.964088237150651e-01
6.881812459681479e-01
6.797879699037500e-01
6.712478987285706e-01
6.625810071761026e-01
6.538082104739338e-01
6.449512261613183e-01
6.360324298455821e-01
6.270746968849500e-01
6.181012222542807e-01
6.091353032182305e-01
6.002000902195860e-01
5.913182241598759e-01
5.825116201175572e-01
5.738015008740920e-01
5.652084077774006e-01
5.567521615059007e-01
5.484517855872317e-01
5.403253209908547e-01
5.323897527090087e-01
5.246615668606333e-01
5.171576643287769e-01
5.098968009145400e-01
5.029020495854326e-01
4.962052023940687e-01
4.898549434940087e-01
4.839328968099842e-01
4.785838373550698e-01
4.740716500552824e-01
4.708799245790014e-01
4.698794739952827e-01
4.725593711516543e-01
4.811981347071823e-01
4.985813210209362e-01
5.267250731591768e-01
5.648066492432523e-01
6.080563212779311e-01
6.494784286798428e-01
6.834829727539100e-01
7.081534798931994e-01
7.246440092966746e-01
7.352787813832686e-01
7.421911767744991e-01
7.468783558821352e-01
7.502570191677851e-01
7.528480289296612e-01
7.549360660467945e-01
7.566748360674749e-01
7.581485623563674e-01
7.594056744797927e-01
7.604765690844938e-01
7.613825756325017e-01
7.621404590457541e-01
7.627647175533285e-01
7.632687860554702e-01
7.636656738787273e-01
7.639684141779294e-01
7.641900438085416e-01
7.643435478558813e-01
7.644416139674208e-01
7.644973798808288e-01
6.200794742858612e-01
6.200913189658307e-01
6.201837034635949e-01
6.204050366428021e-01
6.208009406482693e-01
6.214126247445172e-01
6.222764927771097e-01
6.234242650364238e-01
6.248836151552474e-01
6.266789914809608e-01
6.288321271767717e-01
6.313623373160083e-01
6.342867015322708e-01
6.376201721640173e-01
6.413758604424258e-01
6.455654958385536e-01
6.501996614515108e-01
6.552878035095367e-01
6.608381247756367e-01
6.668573548380521e-01
6.733507466565019e-01
6.803225342222785e-01
6.877762433223793e-01
6.957146304888676e-01
7.041394367750574e-01
7.130509700719879e-01
7.224477986151318e-01
7.323270451738076e-01
7.426848173979210e-01
7.535162335446992e-01
7.648152019241369e-01
7.765740194595070e-01
7.887829244963582e-01
8.014301306431977e-01
8.145022602711897e-01
8.279845290913398e-01
8.418607007769985e-01
8.561128989303930e-01
8.707213137853778e-01
8.856641018826733e-01
9.009176411578019e-01
9.164567710081277e-01
9.322549295087731e-01
9.482842408486878e-01
9.645155852461426e-01
9.809186665308213e-01
9.974620858368431e-01
1.014113439533659e+00
1.030839466104192e+00
1.047606259080410e+00
1.064379614394369e+00
1.081125425306130e+00
1.097809759382543e+00
1.114398690403103e+00
1.130858206343633e+00
1.147154216543851e+00
1.163252709511134e+00
1.179120012733381e+00
1.194722495254724e+00
1.210025255870274e+00
1.224989963738988e+00
1.239571245526588e+00
1.253710274943132e+00
1.267322990488758e+00
1.280277331666438e+00
1.292348982976239e+00
1.303137459958554e+00
1.311909493502792e+00
1.317317189223731e+00
1.316934546446140e+00
1.306651559184399e+00
1.280380963628671e+00
1.231437755573073e+00
1.157149950013589e+00
1.064405864088471e+00
9.687278663592008e-01
8.854648241390461e-01
8.222756079152482e-01
7.787790742678099e-01
7.504502582923502e-01
7.322342735383526e-01
7.202181257617458e-01
7.118614397611375e-01
7.056692280638724e-01
7.008089859750981e-01
6.968292615420110e-01
6.934855846362005e-01
6.906418374510443e-01
6.882171559203148e-01
6.861583946533366e-01
6.844262707137742e-01
6.829883809187584e-01
6.818156193224928e-01
6.808802971323442e-01
6.801550776350558e-01
6.796125576173102e-01
6.792253785106263e-01
6.789664738982473e-01
6.788087787182125e-01
6.787259302992140e-01
