3.792400000000000e-01
5.117429999999999e-01
7.300010000000000e-01
7.991810000000000e-01
9.206630000000000e-01
9.989650000000000e-01
1.117249000000000e+00
1.370782000000000e+00
1.505634000000000e+00
1.624003000000000e+00
1.756211000000000e+00
1.872698000000000e+00
1.988613000000000e+00
2.112921000000000e+00
2.237812000000000e+00
2.371225000000000e+00
2.513330000000000e+00
2.651560000000000e+00
2.798026000000000e+00
2.963345000000000e+00
3.131004000000000e+00
3.303069000000000e+00
3.475772000000000e+00
3.648801000000000e+00
3.813349000000000e+00
3.972696000000000e+00
4.123736000000000e+00
4.270230000000000e+00
4.420829000000000e+00
4.560255000000000e+00
4.703605000000000e+00
4.847960000000000e+00
4.990784000000000e+00
5.132403000000000e+00
5.279577000000000e+00
5.441930000000000e+00
5.598467000000000e+00
5.762751000000000e+00
5.926286000000000e+00
6.094977000000000e+00
6.249601000000000e+00
6.412661000000000e+00
6.577247000000000e+00
6.750179000000000e+00
6.913247000000000e+00
7.073431000000000e+00
7.225861000000000e+00
7.386541000000000e+00
7.541556000000000e+00
7.700162000000000e+00
7.854021000000000e+00
8.010522999999999e+00
8.160164000000000e+00
8.311432999999999e+00
8.466666000000000e+00
8.617452000000000e+00
8.767030999999999e+00
8.922492999999999e+00
9.088761999999999e+00
9.245950000000001e+00
9.407219000000000e+00
9.570952000000000e+00
9.727800999999999e+00
9.892523000000001e+00
1.005367000000000e+01
1.020863400000000e+01
1.036330200000000e+01
1.052495200000000e+01
1.068850000000000e+01
1.085286600000000e+01
1.101860200000000e+01
1.118382700000000e+01
1.134152000000000e+01
1.150344000000000e+01
1.166167000000000e+01
1.181639800000000e+01
1.198386200000000e+01
1.214318500000000e+01
1.229834800000000e+01
1.246049500000000e+01
1.261570000000000e+01
1.277865500000000e+01
1.294099400000000e+01
1.310051000000000e+01
1.325462800000000e+01
1.341269800000000e+01
1.357181200000000e+01
1.372652800000000e+01
1.389563700000000e+01
1.405236200000000e+01
1.422270600000000e+01
1.438145800000000e+01
1.453243100000000e+01
1.468720600000000e+01
1.484581400000000e+01
1.500619000000000e+01
1.516513600000000e+01
1.532527200000000e+01
1.548495600000000e+01
